1 0.1171875 0.7072916666666667 0.153125 0.19375000000000003
1 0.55390625 0.8270833333333333 0.1921875 0.21666666666666667
1 0.9046875000000001 0.525 0.1875 0.2625
1 0.84453125 0.1875 0.18906250000000002 0.2625
1 0.7125000000000001 0.08229166666666667 0.16875 0.16041666666666668
1 0.5906250000000001 0.6177083333333334 0.159375 0.19375000000000003
1 0.7523437500000001 0.6791666666666667 0.2109375 0.21250000000000002
1 0.9320312500000001 0.8177083333333334 0.1328125 0.21041666666666667
1 0.0796875 0.90625 0.15000000000000002 0.18333333333333332
1 0.1921875 0.15520833333333334 0.159375 0.23125
1 0.32578125 0.5145833333333333 0.20156250000000003 0.24166666666666667
1 0.28046875 0.7625 0.1796875 0.19583333333333333