1 0.44062500000000004 0.396875 0.175 0.20625
1 0.3921875 0.20416666666666666 0.21250000000000002 0.24166666666666667
1 0.5984375000000001 0.40625 0.175 0.21666666666666667
1 0.871875 0.7125000000000001 0.16562500000000002 0.21250000000000002
1 0.9156250000000001 0.9020833333333333 0.16250000000000003 0.19166666666666668
1 0.33828125 0.9177083333333333 0.1609375 0.16041666666666668
1 0.5171875 0.7114583333333334 0.18125000000000002 0.20208333333333334
1 0.07500000000000001 0.09791666666666667 0.146875 0.19166666666666668
1 0.7242187500000001 0.6208333333333333 0.1671875 0.25833333333333336
1 0.6304687500000001 0.11666666666666667 0.17031250000000003 0.22916666666666669
1 0.93828125 0.26979166666666665 0.12031250000000002 0.24375000000000002
1 0.89765625 0.48541666666666666 0.15468750000000003 0.24583333333333332
1 0.2609375 0.4729166666666667 0.184375 0.24166666666666667
0 0.40156250000000004 0.04895833333333333 0.07500000000000001 0.09375
2 0.6796875 0.8687500000000001 0.33125000000000004 0.25833333333333336