1 0.553125 0.11354166666666667 0.16250000000000003 0.18958333333333335
1 0.11250000000000002 0.5729166666666667 0.184375 0.25833333333333336
1 0.16328125 0.8229166666666667 0.1390625 0.2375
1 0.0703125 0.8645833333333334 0.1375 0.2375
1 0.34687500000000004 0.42708333333333337 0.16562500000000002 0.2
1 0.6890625000000001 0.38125 0.16562500000000002 0.2
1 0.86328125 0.7593750000000001 0.1609375 0.21458333333333332
1 0.46640625 0.5229166666666667 0.15156250000000002 0.19583333333333333
1 0.1671875 0.159375 0.15000000000000002 0.21458333333333332
2 0.6617187500000001 0.6770833333333334 0.3109375 0.4166666666666667
0 0.9734375 0.30937500000000007 0.05 0.06875
0 0.9078125000000001 0.9156250000000001 0.053125000000000006 0.08541666666666667