1 0.29921875000000003 0.6312500000000001 0.1796875 0.23333333333333334
1 0.6460937500000001 0.24583333333333332 0.1796875 0.23333333333333334
1 0.7210937500000001 0.7145833333333333 0.1796875 0.23333333333333334
1 0.5632812500000001 0.49270833333333336 0.11406250000000001 0.24375000000000002
1 0.3203125 0.3927083333333333 0.19375000000000003 0.23958333333333334
1 0.51484375 0.8708333333333333 0.1671875 0.22500000000000003
1 0.32500000000000007 0.8375000000000001 0.2 0.20416666666666666
1 0.86796875 0.55625 0.1796875 0.23333333333333334
1 0.8328125 0.8916666666666667 0.15625 0.21250000000000002
1 0.5984375000000001 0.07708333333333334 0.18125000000000002 0.15000000000000002
1 0.49140625000000004 0.48958333333333337 0.1796875 0.22916666666666669
1 0.1984375 0.828125 0.190625 0.20208333333333334
2 0.37578125000000007 0.16666666666666669 0.33906250000000004 0.32916666666666666