2 0.35 0.6364583333333333 0.21250000000000002 0.23958333333333334
0 0.25859375 0.4708333333333333 0.0796875 0.1
1 0.84765625 0.28854166666666664 0.1765625 0.23958333333333334
1 0.7265625 0.6468750000000001 0.13125 0.18958333333333335
1 0.93359375 0.8177083333333334 0.1296875 0.18958333333333335
1 0.6742187500000001 0.7760416666666667 0.1984375 0.23958333333333334
1 0.50703125 0.8114583333333333 0.1984375 0.23958333333333334
1 0.66328125 0.45208333333333334 0.17343750000000002 0.19166666666666668
1 0.6742187500000001 0.21666666666666667 0.1671875 0.25
1 0.3578125 0.328125 0.153125 0.22291666666666668
1 0.1671875 0.40729166666666666 0.153125 0.22291666666666668
1 0.06875 0.40729166666666666 0.134375 0.29791666666666666
1 0.5125000000000001 0.603125 0.153125 0.22291666666666668
1 0.5171875 0.37604166666666666 0.153125 0.22291666666666668
1 0.48671875 0.12083333333333333 0.20468750000000002 0.2375
1 0.31796875 0.08229166666666667 0.15781250000000002 0.16041666666666668
1 0.8179687500000001 0.11354166666666667 0.22031250000000002 0.22291666666666668
1 0.05390625 0.6166666666666667 0.10468750000000002 0.22916666666666669
1 0.140625 0.11354166666666667 0.153125 0.22291666666666668