1 0.64765625 0.475 0.17031250000000003 0.24166666666666667
1 0.6671875 0.115625 0.16250000000000003 0.22708333333333333
1 0.46953125000000007 0.46875 0.1921875 0.28750000000000003
1 0.82734375 0.49166666666666664 0.1609375 0.2
1 0.7734375 0.28020833333333334 0.14375000000000002 0.20208333333333334
1 0.30625 0.146875 0.15625 0.19375000000000003
1 0.17031250000000003 0.6468750000000001 0.18125000000000002 0.18125000000000002
1 0.33359375 0.56875 0.1390625 0.16250000000000003
1 0.3421875 0.7072916666666667 0.140625 0.23541666666666666
1 0.9468750000000001 0.55625 0.103125 0.28750000000000003
1 0.23515625 0.365625 0.1796875 0.2604166666666667
2 0.54609375 0.7677083333333333 0.3359375 0.42708333333333337