1 0.6929687500000001 0.2677083333333333 0.1828125 0.2604166666666667
1 0.490625 0.23958333333333334 0.16562500000000002 0.175
1 0.8359375 0.478125 0.16250000000000003 0.30625
1 0.671875 0.6677083333333333 0.15625 0.21458333333333332
1 0.21250000000000002 0.08541666666666667 0.175 0.16666666666666669
1 0.75703125 0.9260416666666667 0.1171875 0.14375000000000002
1 0.41953125 0.8395833333333333 0.20468750000000002 0.22083333333333335
1 0.565625 0.8031250000000001 0.1375 0.19791666666666669
1 0.07890625000000001 0.41145833333333337 0.15468750000000003 0.23125
1 0.8687500000000001 0.159375 0.15625 0.23125
1 0.94140625 0.9072916666666667 0.11406250000000001 0.18125000000000002
2 0.44921875 0.5260416666666667 0.3109375 0.36458333333333337
1 0.2390625 0.5 0.16562500000000002 0.175
1 0.31562500000000004 0.746875 0.19687500000000002 0.22708333333333333