1 0.6765625 0.43645833333333334 0.140625 0.21875
1 0.49921875000000004 0.9000000000000001 0.1671875 0.19583333333333333
1 0.64453125 0.8552083333333333 0.1671875 0.19791666666666669
1 0.5734375 0.6812500000000001 0.190625 0.22083333333333335
1 0.1828125 0.7270833333333334 0.190625 0.22083333333333335
1 0.2375 0.47395833333333337 0.15000000000000002 0.21458333333333332
1 0.703125 0.13125 0.2 0.24583333333333332
1 0.7734375 0.9041666666666667 0.14375000000000002 0.1875
1 0.7328125000000001 0.6416666666666667 0.1375 0.23333333333333334
1 0.43828125000000007 0.07604166666666666 0.15781250000000002 0.14791666666666667
2 0.45390625000000007 0.3614583333333333 0.3765625 0.48541666666666666