0 0.8257812500000001 0.4416666666666667 0.0703125 0.08333333333333334
2 0.43359375 0.4729166666666667 0.2421875 0.3166666666666667
1 0.34687500000000004 0.6958333333333334 0.22812500000000002 0.22083333333333335
1 0.22109375000000003 0.40937500000000004 0.1609375 0.21875
1 0.08046875 0.23229166666666667 0.15781250000000002 0.21875
1 0.08046875 0.134375 0.15781250000000002 0.21875
1 0.1765625 0.06354166666666666 0.153125 0.12291666666666666
1 0.41093750000000007 0.21979166666666666 0.16875 0.13958333333333334
1 0.7085937500000001 0.6552083333333333 0.15468750000000003 0.23125
1 0.37578125000000007 0.8833333333333334 0.15468750000000003 0.22916666666666669
1 0.13671875 0.628125 0.15468750000000003 0.23125
1 0.7093750000000001 0.13958333333333334 0.18125000000000002 0.21250000000000002
1 0.94140625 0.30833333333333335 0.11406250000000001 0.21666666666666667
1 0.9085937500000001 0.7437500000000001 0.1796875 0.21250000000000002
1 0.9273437500000001 0.9156250000000001 0.1421875 0.16458333333333333
1 0.67109375 0.8427083333333333 0.15468750000000003 0.23125
1 0.7984375000000001 0.9302083333333334 0.1375 0.13541666666666669