1 0.7007812500000001 0.23333333333333334 0.15156250000000002 0.26666666666666666
1 0.89140625 0.5010416666666667 0.15781250000000002 0.21875
1 0.8179687500000001 0.09270833333333334 0.1671875 0.18125000000000002
1 0.3015625 0.4729166666666667 0.16875 0.2
1 0.38828125 0.84375 0.17031250000000003 0.2375
1 0.6171875 0.8500000000000001 0.159375 0.19166666666666668
1 0.29375 0.6625000000000001 0.16875 0.2
1 0.24296875 0.8770833333333333 0.17343750000000002 0.24166666666666667
1 0.48046875 0.31875 0.17343750000000002 0.15416666666666667
1 0.41640625 0.12083333333333333 0.1015625 0.2375
1 0.871875 0.2604166666666667 0.14375000000000002 0.1875
1 0.78046875 0.83125 0.1484375 0.20416666666666666
1 0.07265625 0.6114583333333333 0.1421875 0.21875
2 0.48515625000000007 0.596875 0.33906250000000004 0.4395833333333333