2 0.31796875 0.5729166666666667 0.2703125 0.3541666666666667
0 0.171875 0.421875 0.065625 0.07708333333333334
0 0.134375 0.46145833333333336 0.065625 0.07708333333333334
0 0.55078125 0.03229166666666667 0.060937500000000006 0.06041666666666667
1 0.21953125 0.8500000000000001 0.1921875 0.21250000000000002
1 0.87109375 0.11979166666666667 0.1953125 0.23541666666666666
1 0.64765625 0.8229166666666667 0.1921875 0.2833333333333333
1 0.7921875 0.7416666666666667 0.18125000000000002 0.15416666666666667
1 0.5421875 0.3104166666666667 0.175 0.1875
1 0.41718750000000004 0.2520833333333333 0.175 0.1875
1 0.41093750000000007 0.8229166666666667 0.175 0.1875
1 0.48750000000000004 0.7302083333333333 0.184375 0.21875
1 0.92578125 0.8822916666666667 0.1453125 0.23125
1 0.85859375 0.5729166666666667 0.2109375 0.21666666666666667
1 0.8765625000000001 0.42291666666666666 0.18125000000000002 0.17916666666666667
1 0.6734375000000001 0.3927083333333333 0.18125000000000002 0.19375000000000003
1 0.26796875000000003 0.35104166666666664 0.1984375 0.19791666666666669
1 0.12421875000000002 0.221875 0.1984375 0.19791666666666669