1 0.5242187500000001 0.36770833333333336 0.12031250000000002 0.18958333333333335
1 0.8375000000000001 0.5520833333333334 0.19687500000000002 0.2
1 0.6429687500000001 0.37812500000000004 0.1609375 0.23125
1 0.32734375000000004 0.5270833333333333 0.20468750000000002 0.28750000000000003
1 0.11015625000000001 0.6833333333333333 0.10468750000000002 0.20416666666666666
1 0.79609375 0.19791666666666669 0.10468750000000002 0.20416666666666666
1 0.88359375 0.7645833333333333 0.11406250000000001 0.2
1 0.09609375 0.921875 0.1640625 0.15208333333333332
1 0.40546875000000004 0.6854166666666667 0.1640625 0.1875
2 0.61328125 0.7697916666666667 0.3046875 0.3229166666666667
0 0.26328125 0.9197916666666667 0.04843750000000001 0.06875
1 0.6640625 0.19583333333333333 0.15000000000000002 0.2