2 0.6976562500000001 0.5625 0.3015625 0.37083333333333335
2 0.6000000000000001 0.8645833333333334 0.23125 0.26666666666666666
0 0.8484375 0.7406250000000001 0.059375 0.08958333333333333
0 0.1109375 0.221875 0.059375 0.08958333333333333
1 0.3015625 0.4166666666666667 0.20625 0.2916666666666667
1 0.23593750000000002 0.7427083333333334 0.16875 0.24375000000000002
1 0.084375 0.8218750000000001 0.16562500000000002 0.24375000000000002
1 0.184375 0.9229166666666667 0.175 0.15000000000000002
1 0.875 0.103125 0.13125 0.20208333333333334
1 0.8218750000000001 0.15104166666666669 0.13125 0.23125
1 0.77265625 0.18645833333333334 0.1328125 0.23125
1 0.7054687500000001 0.22812500000000002 0.1328125 0.23125
1 0.62578125 0.290625 0.1328125 0.23125
1 0.9328125 0.703125 0.13125 0.23125
1 0.9453125 0.8500000000000001 0.10625000000000001 0.23333333333333334
1 0.21640625000000002 0.15729166666666666 0.11406250000000001 0.21875
1 0.28828125 0.15416666666666667 0.1296875 0.21666666666666667
1 0.5078125 0.14270833333333333 0.146875 0.21875
1 0.41171875 0.7125000000000001 0.1765625 0.24583333333333332