1 0.49140625000000004 0.7770833333333333 0.17343750000000002 0.23333333333333334
1 0.25703125 0.8302083333333333 0.21718750000000003 0.23125
1 0.49375 0.215625 0.17812500000000003 0.19375000000000003
1 0.9359375000000001 0.09166666666666666 0.125 0.17916666666666667
1 0.7609375 0.12083333333333333 0.16875 0.2375
1 0.9312500000000001 0.38020833333333337 0.134375 0.28125
1 0.76484375 0.7010416666666667 0.13593750000000002 0.28125
1 0.68046875 0.4010416666666667 0.13593750000000002 0.28125
1 0.09375 0.2833333333333333 0.184375 0.26666666666666666
1 0.9125000000000001 0.6958333333333334 0.171875 0.23333333333333334
2 0.27187500000000003 0.16145833333333334 0.21250000000000002 0.27291666666666664
0 0.5296875 0.33333333333333337 0.07187500000000001 0.08333333333333334
0 0.5890625 0.48958333333333337 0.07187500000000001 0.08333333333333334
1 0.19609375 0.5770833333333333 0.17343750000000002 0.23333333333333334