1 0.7835937500000001 0.8302083333333333 0.1921875 0.21458333333333332
1 0.5171875 0.4552083333333333 0.17812500000000003 0.16458333333333333
1 0.6101562500000001 0.653125 0.15781250000000002 0.21875
1 0.659375 0.3260416666666667 0.18125000000000002 0.22291666666666668
1 0.68046875 0.09583333333333334 0.1796875 0.1875
1 0.14375000000000002 0.8854166666666667 0.1875 0.22500000000000003
1 0.0875 0.6729166666666667 0.15625 0.19583333333333333
1 0.10625000000000001 0.18958333333333335 0.19375000000000003 0.20833333333333334
1 0.23828125 0.07604166666666666 0.17031250000000003 0.14791666666666667
1 0.40859375 0.07604166666666666 0.17031250000000003 0.14791666666666667
1 0.8687500000000001 0.265625 0.16562500000000002 0.21875
1 0.5796875 0.7364583333333333 0.16562500000000002 0.21875
1 0.34687500000000004 0.8072916666666667 0.159375 0.17708333333333334
1 0.38046875 0.22500000000000003 0.1953125 0.25416666666666665
1 0.93671875 0.38229166666666664 0.1234375 0.20208333333333334
1 0.0765625 0.37604166666666666 0.15000000000000002 0.19375000000000003
0 0.47578125000000004 0.8666666666666667 0.0859375 0.1
0 0.87109375 0.5229166666666667 0.09843750000000001 0.13333333333333333
2 0.25 0.5166666666666667 0.328125 0.4125