1 0.7890625 0.4322916666666667 0.15000000000000002 0.18125000000000002
1 0.8492187500000001 0.6375 0.1328125 0.1875
1 0.94453125 0.7385416666666667 0.1078125 0.21458333333333332
1 0.82109375 0.83125 0.1671875 0.19166666666666668
1 0.140625 0.7427083333333334 0.14375000000000002 0.19375000000000003
1 0.12734375 0.909375 0.1765625 0.17708333333333334
1 0.28515625 0.6958333333333334 0.1921875 0.25
1 0.32890625000000007 0.40520833333333334 0.15156250000000002 0.22708333333333333
1 0.09140625 0.09166666666666666 0.1234375 0.17916666666666667
1 0.31796875 0.19166666666666668 0.15781250000000002 0.1875
1 0.4296875 0.9312500000000001 0.134375 0.13333333333333333
1 0.22421875000000002 0.20416666666666666 0.15156250000000002 0.25
1 0.9476562500000001 0.5291666666666667 0.1015625 0.19166666666666668
1 0.42656250000000007 0.5552083333333333 0.15000000000000002 0.18125000000000002
2 0.52578125 0.32083333333333336 0.37968750000000007 0.475