1 0.11640625000000002 0.715625 0.1609375 0.20625
1 0.41328125000000004 0.33645833333333336 0.1296875 0.17708333333333334
1 0.86015625 0.3927083333333333 0.1609375 0.19791666666666669
1 0.26328125 0.20729166666666668 0.1609375 0.19791666666666669
1 0.81953125 0.621875 0.1640625 0.23125
1 0.93359375 0.8260416666666667 0.1296875 0.17708333333333334
1 0.8046875 0.9208333333333333 0.153125 0.15416666666666667
1 0.55234375 0.9510416666666667 0.1609375 0.09375
1 0.3359375 0.9583333333333334 0.15625 0.07916666666666668
1 0.06875 0.21458333333333332 0.134375 0.17083333333333334
2 0.43437500000000007 0.6697916666666667 0.24375000000000002 0.3104166666666667
1 0.25625000000000003 0.71875 0.13125 0.21250000000000002
1 0.2375 0.5520833333333334 0.13125 0.21250000000000002
1 0.6273437500000001 0.43437500000000007 0.1390625 0.23125
1 0.52109375 0.31354166666666666 0.1421875 0.19791666666666669