2 0.29609375 0.25 0.2859375 0.35833333333333334
1 0.51875 0.36041666666666666 0.171875 0.25
1 0.6921875 0.29583333333333334 0.171875 0.25
1 0.5640625 0.6312500000000001 0.171875 0.25
1 0.37265625 0.6760416666666667 0.1640625 0.23541666666666666
1 0.56171875 0.878125 0.1984375 0.23958333333333334
1 0.89765625 0.42708333333333337 0.1984375 0.24166666666666667
1 0.184375 0.9302083333333334 0.175 0.13541666666666669
1 0.1390625 0.08020833333333334 0.16250000000000003 0.15625
1 0.11406250000000001 0.415625 0.1375 0.19791666666666669
1 0.8500000000000001 0.078125 0.15625 0.15208333333333332
1 0.94609375 0.6343750000000001 0.10468750000000002 0.16875
1 0.9085937500000001 0.840625 0.1796875 0.20625
1 0.09687500000000002 0.5770833333333333 0.146875 0.2375
0 0.23671875000000003 0.6583333333333333 0.060937500000000006 0.1
1 0.63359375 0.115625 0.1953125 0.22708333333333333
1 0.40156250000000004 0.5958333333333333 0.15000000000000002 0.17083333333333334
1 0.3515625 0.5416666666666667 0.15000000000000002 0.17083333333333334