1 0.07421875 0.628125 0.1328125 0.21875
1 0.41640625 0.13125 0.1765625 0.22916666666666669
1 0.32343750000000004 0.7052083333333333 0.153125 0.23125
1 0.19453125 0.9145833333333334 0.1296875 0.16666666666666669
1 0.91328125 0.134375 0.15781250000000002 0.21458333333333332
1 0.7093750000000001 0.26875 0.140625 0.18333333333333332
1 0.47421875 0.5729166666666667 0.1765625 0.20833333333333334
1 0.50703125 0.7145833333333333 0.1765625 0.20833333333333334
1 0.215625 0.49166666666666664 0.16875 0.2375
1 0.3265625 0.44583333333333336 0.16875 0.2375
1 0.31718750000000007 0.11666666666666667 0.16562500000000002 0.22916666666666669
1 0.5984375000000001 0.825 0.15625 0.14583333333333334
1 0.07109375 0.32500000000000007 0.1390625 0.18333333333333332
2 0.7875000000000001 0.6656250000000001 0.37812500000000004 0.47708333333333336