1 0.60078125 0.11979166666666667 0.17031250000000003 0.17708333333333334
1 0.44765625 0.15729166666666666 0.15781250000000002 0.23125
1 0.565625 0.58125 0.134375 0.2
1 0.84453125 0.42500000000000004 0.1671875 0.25416666666666665
1 0.5046875000000001 0.9229166666666667 0.134375 0.15000000000000002
1 0.396875 0.9229166666666667 0.134375 0.15000000000000002
1 0.9328125 0.7489583333333333 0.13125 0.23125
1 0.7515625000000001 0.6989583333333333 0.184375 0.21875
1 0.20546875000000003 0.08958333333333333 0.17031250000000003 0.175
1 0.1265625 0.12187500000000001 0.140625 0.19375000000000003
2 0.334375 0.4083333333333333 0.190625 0.25833333333333336
0 0.96484375 0.26145833333333335 0.0515625 0.08541666666666667
0 0.9820312500000001 0.3635416666666667 0.0328125 0.08541666666666667
0 0.8617187500000001 0.8364583333333334 0.0515625 0.08541666666666667