1 0.7406250000000001 0.22291666666666668 0.16875 0.20416666666666666
1 0.8078125 0.3541666666666667 0.16875 0.20416666666666666
1 0.50234375 0.07500000000000001 0.17343750000000002 0.14583333333333334
1 0.54296875 0.16354166666666667 0.17343750000000002 0.14791666666666667
1 0.8015625 0.828125 0.16875 0.19375000000000003
1 0.103125 0.5333333333333333 0.16875 0.20833333333333334
1 0.28750000000000003 0.2604166666666667 0.16875 0.20833333333333334
1 0.871875 0.578125 0.16250000000000003 0.23125
1 0.084375 0.16458333333333333 0.16562500000000002 0.2833333333333333
2 0.43437500000000007 0.7447916666666667 0.3375 0.39791666666666664
0 0.48515625000000007 0.31562500000000004 0.060937500000000006 0.08125000000000002
0 0.63984375 0.41770833333333335 0.060937500000000006 0.08125000000000002