1 0.5320312500000001 0.7166666666666667 0.1671875 0.21250000000000002
1 0.40312500000000007 0.6729166666666667 0.1375 0.175
1 0.13671875 0.23125 0.13593750000000002 0.25833333333333336
1 0.89921875 0.36041666666666666 0.1671875 0.21250000000000002
1 0.33671875000000007 0.4479166666666667 0.17031250000000003 0.21666666666666667
1 0.46015625000000004 0.4572916666666667 0.15156250000000002 0.20208333333333334
1 0.55390625 0.4666666666666667 0.15468750000000003 0.19166666666666668
1 0.32421875 0.8666666666666667 0.15468750000000003 0.19166666666666668
1 0.05546875 0.5114583333333333 0.1078125 0.21041666666666667
1 0.28671875 0.6770833333333334 0.15468750000000003 0.19166666666666668
1 0.7562500000000001 0.35625000000000007 0.146875 0.21666666666666667
1 0.8078125 0.6072916666666667 0.184375 0.22708333333333333
1 0.746875 0.8031250000000001 0.184375 0.22708333333333333
2 0.56796875 0.18645833333333334 0.3734375 0.36875