1 0.10078125000000002 0.5083333333333333 0.1390625 0.21666666666666667
1 0.57578125 0.675 0.17031250000000003 0.19583333333333333
1 0.8335937500000001 0.5052083333333334 0.1765625 0.19375000000000003
1 0.85078125 0.7406250000000001 0.1765625 0.21875
1 0.6773437500000001 0.28020833333333334 0.1765625 0.21875
1 0.24921875 0.21250000000000002 0.1484375 0.19166666666666668
1 0.33046875 0.903125 0.1484375 0.18958333333333335
1 0.69453125 0.8583333333333333 0.1484375 0.19166666666666668
1 0.43828125000000007 0.12708333333333333 0.1484375 0.19166666666666668
1 0.58359375 0.6166666666666667 0.17031250000000003 0.19583333333333333
1 0.13359375 0.5333333333333333 0.1390625 0.21666666666666667
2 0.3828125 0.5145833333333333 0.396875 0.4416666666666667
0 0.22421875000000002 0.7947916666666667 0.0703125 0.09375