1 0.265625 0.5677083333333334 0.1875 0.24791666666666667
1 0.44843750000000004 0.5854166666666667 0.17812500000000003 0.22500000000000003
1 0.36406250000000007 0.10625000000000001 0.15000000000000002 0.20833333333333334
1 0.18359375 0.31979166666666664 0.1953125 0.24375000000000002
1 0.13203125000000002 0.42291666666666666 0.15156250000000002 0.22083333333333335
1 0.11171875 0.8208333333333334 0.1609375 0.25
1 0.6304687500000001 0.5750000000000001 0.1609375 0.2
1 0.80546875 0.5072916666666667 0.1828125 0.23541666666666666
1 0.65546875 0.8052083333333334 0.1828125 0.23541666666666666
1 0.29140625000000003 0.8572916666666667 0.1828125 0.23541666666666666
1 0.94140625 0.6875 0.11406250000000001 0.23333333333333334
1 0.7890625 0.6302083333333334 0.1875 0.20625
1 0.57578125 0.7750000000000001 0.18593750000000003 0.1875
1 0.74140625 0.09479166666666668 0.18593750000000003 0.18541666666666667
2 0.56640625 0.290625 0.3265625 0.4395833333333333