1 0.10859375000000002 0.27291666666666664 0.1828125 0.24166666666666667
1 0.2890625 0.175 0.215625 0.24583333333333332
1 0.9265625 0.7979166666666667 0.14375000000000002 0.19166666666666668
1 0.81171875 0.4635416666666667 0.15781250000000002 0.19375000000000003
1 0.41796875 0.49270833333333336 0.1671875 0.19375000000000003
1 0.33984375 0.39895833333333336 0.1609375 0.21458333333333332
1 0.6343750000000001 0.7989583333333333 0.16250000000000003 0.22291666666666668
1 0.809375 0.32708333333333334 0.159375 0.25
1 0.7679687500000001 0.7375 0.1453125 0.22916666666666669
2 0.56953125 0.24791666666666667 0.3203125 0.42500000000000004
0 0.07734375000000002 0.44375 0.0703125 0.09583333333333334
0 0.8890625000000001 0.9072916666666667 0.07500000000000001 0.07291666666666667