1 0.16796875 0.6739583333333333 0.1671875 0.25625000000000003
1 0.51796875 0.23020833333333332 0.1671875 0.25625000000000003
1 0.3375 0.43437500000000007 0.20937500000000003 0.20625
1 0.78828125 0.5520833333333334 0.15156250000000002 0.20833333333333334
1 0.8695312500000001 0.41458333333333336 0.15156250000000002 0.20833333333333334
1 0.7640625000000001 0.17083333333333334 0.159375 0.27083333333333337
1 0.08906250000000002 0.278125 0.175 0.2604166666666667
1 0.18125000000000002 0.09895833333333334 0.16250000000000003 0.19375000000000003
1 0.9234375000000001 0.23958333333333334 0.15000000000000002 0.20833333333333334
1 0.9234375000000001 0.6479166666666667 0.15000000000000002 0.22083333333333335
2 0.49375 0.7437500000000001 0.35625000000000007 0.5041666666666667
0 0.29140625000000003 0.7770833333333333 0.060937500000000006 0.07500000000000001
0 0.13828125 0.41770833333333335 0.08281250000000001 0.09791666666666667