1 0.0703125 0.6645833333333334 0.1375 0.24583333333333332
1 0.1984375 0.3479166666666667 0.171875 0.25833333333333336
1 0.60078125 0.5552083333333333 0.1390625 0.21458333333333332
1 0.41093750000000007 0.6010416666666667 0.17812500000000003 0.17291666666666666
1 0.5437500000000001 0.753125 0.190625 0.21041666666666667
1 0.35625000000000007 0.8302083333333333 0.190625 0.21041666666666667
1 0.6234375000000001 0.11354166666666667 0.15000000000000002 0.20208333333333334
1 0.73125 0.2677083333333333 0.2 0.17708333333333334
1 0.7906250000000001 0.8885416666666667 0.175 0.21875
1 0.7789062500000001 0.6468750000000001 0.1984375 0.21458333333333332
1 0.12890625 0.8916666666666667 0.18593750000000003 0.21250000000000002
1 0.32500000000000007 0.12187500000000001 0.15000000000000002 0.20208333333333334
1 0.8703125 0.40729166666666666 0.15000000000000002 0.20208333333333334
1 0.81640625 0.08125000000000002 0.15156250000000002 0.15833333333333335
2 0.45390625000000007 0.321875 0.32343750000000004 0.46041666666666664