1 0.875 0.825 0.16562500000000002 0.24583333333333332
1 0.93828125 0.6781250000000001 0.12031250000000002 0.19791666666666669
1 0.87578125 0.49583333333333335 0.1796875 0.2375
1 0.27968750000000003 0.5333333333333333 0.15625 0.21666666666666667
1 0.5671875000000001 0.8458333333333333 0.13125 0.22083333333333335
1 0.6328125 0.8479166666666667 0.15625 0.21666666666666667
1 0.20625 0.17604166666666668 0.18125000000000002 0.2520833333333333
1 0.8125 0.08125000000000002 0.17812500000000003 0.15833333333333335
1 0.1953125 0.8708333333333333 0.15625 0.21666666666666667
1 0.2921875 0.8010416666666667 0.14375000000000002 0.16875
1 0.6203125 0.625 0.153125 0.20833333333333334
2 0.43984375 0.3375 0.30781250000000004 0.42500000000000004
0 0.846875 0.2989583333333333 0.05 0.08541666666666667