1 0.79765625 0.27187500000000003 0.1484375 0.23958333333333334
1 0.53046875 0.2760416666666667 0.1484375 0.23958333333333334
1 0.415625 0.13125 0.2 0.21666666666666667
1 0.2578125 0.13125 0.15625 0.1875
1 0.18906250000000002 0.30416666666666664 0.15625 0.1875
1 0.33125000000000004 0.32083333333333336 0.15625 0.1875
1 0.24609375 0.5020833333333333 0.1609375 0.21666666666666667
1 0.32890625000000007 0.8333333333333334 0.1609375 0.21666666666666667
1 0.40078125 0.5145833333333333 0.1609375 0.21666666666666667
1 0.7234375 0.8833333333333334 0.25 0.2
2 0.67109375 0.5760416666666667 0.2984375 0.4479166666666667