1 0.70625 0.6166666666666667 0.16250000000000003 0.20416666666666666
1 0.70625 0.7395833333333334 0.16250000000000003 0.20416666666666666
1 0.91796875 0.49583333333333335 0.1609375 0.20416666666666666
1 0.60078125 0.09166666666666666 0.1640625 0.17916666666666667
1 0.18203125000000003 0.19375000000000003 0.1609375 0.23333333333333334
1 0.7875000000000001 0.10729166666666666 0.16250000000000003 0.18125000000000002
1 0.7718750000000001 0.41458333333333336 0.16250000000000003 0.22500000000000003
1 0.475 0.4479166666666667 0.16250000000000003 0.20416666666666666
1 0.0625 0.3458333333333333 0.12187500000000001 0.20833333333333334
1 0.54921875 0.8677083333333334 0.15781250000000002 0.21041666666666667
1 0.59140625 0.296875 0.15781250000000002 0.21041666666666667
2 0.27265625 0.7916666666666667 0.2578125 0.28750000000000003
0 0.2984375 0.25 0.05625000000000001 0.07500000000000001
0 0.9664062500000001 0.8739583333333333 0.06406250000000001 0.08541666666666667