1 0.6390625000000001 0.3302083333333333 0.15625 0.23958333333333334
1 0.7054687500000001 0.8625 0.1796875 0.20416666666666666
1 0.7578125 0.4791666666666667 0.1875 0.24166666666666667
1 0.8078125 0.6895833333333333 0.18125000000000002 0.17083333333333334
1 0.16484375 0.9052083333333333 0.15156250000000002 0.18541666666666667
1 0.0765625 0.5864583333333333 0.15000000000000002 0.20208333333333334
1 0.0765625 0.365625 0.15000000000000002 0.20208333333333334
1 0.5203125000000001 0.16041666666666668 0.19375000000000003 0.23333333333333334
1 0.37265625 0.34375 0.1671875 0.22916666666666669
1 0.21796875 0.29791666666666666 0.1671875 0.22916666666666669
1 0.25859375 0.18333333333333332 0.1671875 0.22916666666666669
1 0.9398437500000001 0.4666666666666667 0.1171875 0.20833333333333334
1 0.22890625000000003 0.5416666666666667 0.1484375 0.2
2 0.453125 0.5927083333333333 0.34687500000000004 0.46041666666666664