1 0.8460937500000001 0.5322916666666667 0.2109375 0.22291666666666668
1 0.6226562500000001 0.6052083333333333 0.1328125 0.17708333333333334
1 0.6929687500000001 0.8041666666666667 0.15781250000000002 0.17916666666666667
1 0.44218750000000007 0.40625 0.159375 0.1875
1 0.7296875 0.09479166666666668 0.159375 0.18541666666666667
1 0.3984375 0.1875 0.159375 0.1875
1 0.4203125 0.7520833333333333 0.159375 0.1875
1 0.87421875 0.7364583333333333 0.1640625 0.18958333333333335
1 0.8625 0.921875 0.159375 0.15208333333333332
1 0.0671875 0.5583333333333333 0.13125 0.16666666666666669
2 0.15625 0.38750000000000007 0.22500000000000003 0.2375