1 0.05546875 0.8187500000000001 0.1078125 0.2
1 0.140625 0.6739583333333333 0.16562500000000002 0.21875
1 0.278125 0.5614583333333333 0.16562500000000002 0.21875
1 0.3046875 0.8739583333333333 0.16562500000000002 0.21875
1 0.41640625 0.715625 0.15156250000000002 0.19791666666666669
1 0.515625 0.8812500000000001 0.146875 0.22916666666666669
1 0.7734375 0.6333333333333334 0.17812500000000003 0.22500000000000003
1 0.7296875 0.39166666666666666 0.175 0.22916666666666669
1 0.19140625 0.21666666666666667 0.1640625 0.22916666666666669
1 0.75390625 0.14166666666666666 0.1640625 0.22916666666666669
1 0.5875 0.6500000000000001 0.17812500000000003 0.22500000000000003
1 0.7359375000000001 0.9010416666666667 0.159375 0.19375000000000003
1 0.9359375000000001 0.8010416666666667 0.125 0.22708333333333333
2 0.42734375 0.30625 0.3609375 0.4666666666666667
0 0.8726562500000001 0.39375000000000004 0.1234375 0.14583333333333334
0 0.84375 0.03958333333333334 0.07187500000000001 0.07500000000000001