1 0.23046875 0.6062500000000001 0.1671875 0.18333333333333332
1 0.13828125 0.9072916666666667 0.1671875 0.18125000000000002
1 0.47734375000000007 0.14479166666666668 0.1671875 0.18541666666666667
1 0.8148437500000001 0.8031250000000001 0.17343750000000002 0.2520833333333333
1 0.67578125 0.2520833333333333 0.17343750000000002 0.25416666666666665
1 0.70390625 0.9156250000000001 0.1671875 0.16458333333333333
1 0.17812500000000003 0.3697916666666667 0.15000000000000002 0.16041666666666668
1 0.23828125 0.16562500000000002 0.1765625 0.23541666666666666
1 0.8046875 0.31979166666666664 0.140625 0.24375000000000002
1 0.26875 0.36458333333333337 0.146875 0.175
1 0.06484375 0.6875 0.1265625 0.25833333333333336
2 0.43515625 0.7 0.37031250000000004 0.4625