1 0.36328125 0.7614583333333333 0.1984375 0.16458333333333333
1 0.43515625 0.503125 0.1953125 0.22708333333333333
1 0.21250000000000002 0.35 0.134375 0.16666666666666669
1 0.234375 0.6322916666666667 0.140625 0.24375000000000002
1 0.08828125 0.43854166666666666 0.1609375 0.20208333333333334
1 0.09453125000000001 0.6197916666666666 0.1796875 0.18958333333333335
1 0.55703125 0.5635416666666667 0.1796875 0.18958333333333335
1 0.6812500000000001 0.5802083333333333 0.19375000000000003 0.20625
1 0.34375 0.9312500000000001 0.1875 0.13333333333333333
0 0.7320312500000001 0.8687500000000001 0.0546875 0.07083333333333333
0 0.6351562500000001 0.9520833333333333 0.0796875 0.07083333333333333
0 0.875 0.8291666666666667 0.08125000000000002 0.11666666666666667
0 0.7640625000000001 0.9395833333333333 0.08125000000000002 0.09583333333333334
0 0.67890625 0.16145833333333334 0.0796875 0.07708333333333334
0 0.13515625 0.1875 0.04843750000000001 0.058333333333333334
2 0.11171875 0.84375 0.20468750000000002 0.30833333333333335