1 0.871875 0.253125 0.159375 0.24375000000000002
1 0.7453125 0.8979166666666667 0.159375 0.2
1 0.37187500000000007 0.2375 0.16250000000000003 0.25
1 0.2625 0.109375 0.1875 0.21458333333333332
1 0.08984375 0.10104166666666667 0.1765625 0.19791666666666669
1 0.5796875 0.11041666666666668 0.17812500000000003 0.2
1 0.1765625 0.6458333333333334 0.16250000000000003 0.20416666666666666
1 0.2265625 0.9083333333333333 0.146875 0.17916666666666667
0 0.8578125000000001 0.7864583333333334 0.078125 0.08541666666666667
0 0.35234375000000007 0.684375 0.0515625 0.07708333333333334
2 0.553125 0.4041666666666667 0.35 0.44583333333333336
1 0.53359375 0.8979166666666667 0.17031250000000003 0.2
1 0.8882812500000001 0.9156250000000001 0.1609375 0.14375000000000002