1 0.2609375 0.5114583333333333 0.18125000000000002 0.20625
1 0.35390625 0.7250000000000001 0.15781250000000002 0.21666666666666667
1 0.253125 0.7375 0.14375000000000002 0.1875
1 0.38203125000000004 0.11354166666666667 0.1796875 0.22291666666666668
1 0.784375 0.8375000000000001 0.159375 0.21666666666666667
1 0.79609375 0.47604166666666664 0.1671875 0.23125
1 0.76875 0.5750000000000001 0.16562500000000002 0.21250000000000002
1 0.49375 0.36770833333333336 0.171875 0.19791666666666669
1 0.93671875 0.27291666666666664 0.1234375 0.24583333333333332
1 0.9195312500000001 0.07291666666666667 0.15781250000000002 0.14166666666666666
1 0.78203125 0.07291666666666667 0.15781250000000002 0.14166666666666666
1 0.58984375 0.09687500000000002 0.15781250000000002 0.18958333333333335
1 0.73515625 0.234375 0.15468750000000003 0.20208333333333334
1 0.43359375 0.328125 0.15468750000000003 0.20208333333333334
1 0.18984375000000003 0.19479166666666667 0.15468750000000003 0.20208333333333334
1 0.11015625000000001 0.6260416666666667 0.1671875 0.23125
1 0.47734375000000007 0.5604166666666667 0.15781250000000002 0.15000000000000002
1 0.93046875 0.59375 0.13593750000000002 0.21666666666666667
2 0.62109375 0.78125 0.2453125 0.32500000000000007