1 0.34609375 0.44895833333333335 0.12031250000000002 0.29791666666666666
1 0.29531250000000003 0.18854166666666666 0.1875 0.21041666666666667
1 0.20859375000000002 0.41354166666666664 0.1484375 0.18958333333333335
1 0.171875 0.5885416666666667 0.16875 0.20625
1 0.40937500000000004 0.76875 0.17812500000000003 0.23333333333333334
1 0.4828125 0.5416666666666667 0.16562500000000002 0.20416666666666666
1 0.61640625 0.41145833333333337 0.18593750000000003 0.20208333333333334
1 0.10546875 0.8145833333333333 0.1796875 0.25833333333333336
1 0.08671875000000001 0.27708333333333335 0.17031250000000003 0.22500000000000003
1 0.59375 0.2 0.14375000000000002 0.23333333333333334
1 0.684375 0.190625 0.19375000000000003 0.2520833333333333
1 0.86015625 0.64375 0.1640625 0.21666666666666667
1 0.8734375000000001 0.7666666666666667 0.15000000000000002 0.19166666666666668
1 0.81640625 0.34479166666666666 0.15156250000000002 0.18541666666666667
2 0.6351562500000001 0.7697916666666667 0.34843750000000007 0.42708333333333337
0 0.47734375000000007 0.21666666666666667 0.04843750000000001 0.0625
0 0.7679687500000001 0.9552083333333333 0.0390625 0.07708333333333334