1 0.65546875 0.2 0.15781250000000002 0.23333333333333334
1 0.8179687500000001 0.4416666666666667 0.15781250000000002 0.23333333333333334
1 0.79296875 0.6916666666666667 0.1921875 0.22500000000000003
1 0.9164062500000001 0.8604166666666667 0.1640625 0.20416666666666666
1 0.715625 0.8854166666666667 0.16562500000000002 0.22500000000000003
1 0.9359375000000001 0.31354166666666666 0.125 0.22291666666666668
1 0.80546875 0.09375 0.1453125 0.18333333333333332
1 0.49140625000000004 0.8291666666666667 0.1171875 0.22916666666666669
1 0.4203125 0.828125 0.1875 0.18958333333333335
1 0.23203125000000002 0.8333333333333334 0.1640625 0.22916666666666669
1 0.65546875 0.38333333333333336 0.1421875 0.17083333333333334
1 0.36406250000000007 0.153125 0.15625 0.19375000000000003
1 0.1421875 0.515625 0.15625 0.19375000000000003
1 0.24140625 0.134375 0.15156250000000002 0.22708333333333333
1 0.12890625 0.31562500000000004 0.1765625 0.23958333333333334
2 0.3734375 0.5364583333333334 0.38125 0.49791666666666673