1 0.42734375 0.275 0.18593750000000003 0.21250000000000002
1 0.58984375 0.215625 0.1421875 0.19791666666666669
1 0.6117187500000001 0.4260416666666667 0.1421875 0.19791666666666669
1 0.71953125 0.6010416666666667 0.1421875 0.19791666666666669
1 0.3359375 0.33541666666666664 0.125 0.16666666666666669
1 0.77734375 0.9072916666666667 0.15468750000000003 0.18125000000000002
1 0.49140625000000004 0.903125 0.1796875 0.18958333333333335
1 0.09921875 0.903125 0.1796875 0.18958333333333335
1 0.8617187500000001 0.20937500000000003 0.1796875 0.20625
1 0.6898437500000001 0.084375 0.2078125 0.16458333333333333
1 0.9281250000000001 0.8145833333333333 0.140625 0.21250000000000002
1 0.9453125 0.55625 0.10625000000000001 0.275
1 0.15000000000000002 0.30312500000000003 0.17812500000000003 0.25625000000000003
1 0.1234375 0.7072916666666667 0.17812500000000003 0.25625000000000003
2 0.2765625 0.6229166666666667 0.2 0.2791666666666667
0 0.49375 0.44583333333333336 0.06875 0.08333333333333334
0 0.41093750000000007 0.5791666666666667 0.06875 0.08333333333333334
1 0.8023437500000001 0.5802083333333333 0.1015625 0.17708333333333334