2 0.48046875 0.5875 0.2234375 0.29583333333333334
1 0.32500000000000007 0.38958333333333334 0.15625 0.19583333333333333
1 0.21484375 0.8010416666666667 0.18593750000000003 0.21041666666666667
1 0.057031250000000006 0.3947916666666667 0.1109375 0.21875
1 0.14453125 0.28958333333333336 0.18593750000000003 0.20833333333333334
1 0.17578125 0.13541666666666669 0.18593750000000003 0.20833333333333334
1 0.5796875 0.09791666666666667 0.109375 0.19166666666666668
1 0.56171875 0.26145833333333335 0.1953125 0.19791666666666669
1 0.45000000000000007 0.278125 0.2 0.23958333333333334
1 0.42890625000000004 0.8947916666666667 0.18593750000000003 0.20625
1 0.6273437500000001 0.7250000000000001 0.1421875 0.1875
1 0.6851562500000001 0.5416666666666667 0.1421875 0.1875
1 0.7757812500000001 0.921875 0.15156250000000002 0.15208333333333332
1 0.76953125 0.10729166666666666 0.1921875 0.21041666666666667
0 0.59921875 0.8510416666666667 0.0671875 0.08125000000000002
0 0.39765625000000004 0.7489583333333333 0.0671875 0.08125000000000002
1 0.9156250000000001 0.7166666666666667 0.1375 0.22916666666666669
1 0.9515625000000001 0.38229166666666664 0.09375 0.21875
1 0.8929687500000001 0.25625000000000003 0.1453125 0.22083333333333335