1 0.16640625000000003 0.8166666666666667 0.17031250000000003 0.25
1 0.38671875 0.7614583333333333 0.2234375 0.21041666666666667
1 0.1453125 0.21250000000000002 0.184375 0.22500000000000003
1 0.5921875 0.2 0.184375 0.22500000000000003
1 0.41171875 0.29791666666666666 0.18593750000000003 0.25
1 0.91484375 0.5114583333333333 0.15468750000000003 0.20625
1 0.21015625 0.4708333333333333 0.1609375 0.21666666666666667
1 0.2546875 0.3885416666666667 0.13125 0.17708333333333334
1 0.384375 0.5333333333333333 0.17812500000000003 0.1875
1 0.29921875000000003 0.125 0.1390625 0.19166666666666668
1 0.871875 0.253125 0.17812500000000003 0.20208333333333334
1 0.06328125 0.4166666666666667 0.1234375 0.24583333333333332
1 0.80546875 0.43333333333333335 0.0953125 0.13333333333333333
2 0.609375 0.653125 0.4 0.5104166666666667