1 0.6625000000000001 0.33958333333333335 0.234375 0.17916666666666667
1 0.609375 0.6552083333333333 0.146875 0.17708333333333334
1 0.36484375 0.6979166666666667 0.15468750000000003 0.17916666666666667
1 0.47265625 0.5895833333333333 0.15468750000000003 0.17916666666666667
1 0.7132812500000001 0.703125 0.15156250000000002 0.23125
1 0.29921875000000003 0.49895833333333334 0.15156250000000002 0.21041666666666667
1 0.55390625 0.17916666666666667 0.15468750000000003 0.17916666666666667
1 0.66015625 0.13333333333333333 0.15468750000000003 0.17916666666666667
1 0.7945312500000001 0.21875 0.15781250000000002 0.22916666666666669
1 0.07421875 0.5020833333333333 0.1453125 0.18333333333333332
1 0.05546875 0.109375 0.1078125 0.21041666666666667
1 0.0921875 0.8833333333333334 0.159375 0.15833333333333335
1 0.9351562500000001 0.4354166666666667 0.1265625 0.175
1 0.9351562500000001 0.7520833333333333 0.1265625 0.175
1 0.825 0.9312500000000001 0.153125 0.13333333333333333
1 0.23593750000000002 0.35833333333333334 0.15625 0.21666666666666667
2 0.32500000000000007 0.109375 0.22812500000000002 0.21458333333333332
0 0.09296875000000002 0.4125 0.045312500000000006 0.05416666666666667