2 0.453125 0.3927083333333333 0.30312500000000003 0.40208333333333335
1 0.11796875000000001 0.7291666666666667 0.1828125 0.21666666666666667
1 0.18671875 0.8864583333333333 0.17343750000000002 0.22291666666666668
1 0.27265625 0.7989583333333333 0.17343750000000002 0.22291666666666668
1 0.334375 0.6656250000000001 0.140625 0.22708333333333333
1 0.36875 0.7197916666666667 0.140625 0.22708333333333333
1 0.40312500000000007 0.7489583333333333 0.140625 0.22708333333333333
1 0.45625000000000004 0.7697916666666667 0.140625 0.22708333333333333
1 0.85625 0.73125 0.16562500000000002 0.21250000000000002
1 0.9164062500000001 0.8791666666666667 0.1640625 0.21250000000000002
1 0.8796875 0.12083333333333333 0.16562500000000002 0.21250000000000002
1 0.9015625 0.20416666666666666 0.19375000000000003 0.22500000000000003
1 0.125 0.37083333333333335 0.19375000000000003 0.22500000000000003
1 0.20625 0.24375000000000002 0.19375000000000003 0.22500000000000003
1 0.1265625 0.17291666666666666 0.19375000000000003 0.22500000000000003
1 0.5171875 0.07500000000000001 0.190625 0.14583333333333334
1 0.46406250000000004 0.9437500000000001 0.134375 0.10833333333333334
1 0.53046875 0.9510416666666667 0.1296875 0.09375