1 0.44296875 0.12916666666666668 0.17031250000000003 0.22916666666666669
1 0.48906250000000007 0.58125 0.171875 0.22500000000000003
1 0.20625 0.5833333333333334 0.171875 0.22500000000000003
1 0.25 0.2916666666666667 0.22500000000000003 0.3416666666666667
1 0.8335937500000001 0.753125 0.20156250000000003 0.24375000000000002
1 0.715625 0.6802083333333334 0.17812500000000003 0.22291666666666668
1 0.334375 0.7666666666666667 0.171875 0.22500000000000003
1 0.8359375 0.5864583333333333 0.17812500000000003 0.22291666666666668
1 0.103125 0.7625 0.171875 0.22500000000000003
2 0.55390625 0.8666666666666667 0.2671875 0.2625
0 0.3140625 0.47187500000000004 0.06875 0.07708333333333334
0 0.21250000000000002 0.036458333333333336 0.065625 0.06875