1 0.78984375 0.13229166666666667 0.17031250000000003 0.18541666666666667
1 0.7203125000000001 0.34270833333333334 0.16562500000000002 0.19375000000000003
1 0.78515625 0.9312500000000001 0.22031250000000002 0.13333333333333333
1 0.5015625 0.7979166666666667 0.16250000000000003 0.25
1 0.53671875 0.3854166666666667 0.17343750000000002 0.19583333333333333
1 0.9140625 0.5520833333333334 0.16250000000000003 0.25
1 0.8414062500000001 0.6625000000000001 0.1921875 0.20416666666666666
1 0.2765625 0.46979166666666666 0.13125 0.16458333333333333
1 0.09296875000000002 0.5395833333333333 0.17031250000000003 0.17083333333333334
1 0.15859375000000003 0.8260416666666667 0.18593750000000003 0.23541666666666666
2 0.31796875 0.23645833333333335 0.1828125 0.21875
1 0.934375 0.353125 0.12812500000000002 0.18541666666666667
1 0.51484375 0.9239583333333333 0.1484375 0.14791666666666667
1 0.3515625 0.809375 0.140625 0.18958333333333335