2 0.53515625 0.625 0.2546875 0.3375
1 0.4703125 0.13958333333333334 0.22812500000000002 0.22500000000000003
1 0.5921875 0.36770833333333336 0.18125000000000002 0.24791666666666667
1 0.8375000000000001 0.296875 0.18125000000000002 0.24791666666666667
1 0.7703125 0.43020833333333336 0.18125000000000002 0.24791666666666667
1 0.7375 0.5822916666666667 0.18125000000000002 0.24791666666666667
1 0.82734375 0.6270833333333333 0.15468750000000003 0.21250000000000002
1 0.82421875 0.7395833333333334 0.15468750000000003 0.21250000000000002
1 0.78828125 0.8416666666666667 0.15468750000000003 0.21250000000000002
1 0.90703125 0.7520833333333333 0.15468750000000003 0.21250000000000002
1 0.06328125 0.14583333333333334 0.1234375 0.24166666666666667
1 0.2140625 0.11458333333333334 0.190625 0.22500000000000003
1 0.77265625 0.11979166666666667 0.2109375 0.23541666666666666
0 0.653125 0.06458333333333334 0.06875 0.12083333333333333
0 0.3609375 0.9083333333333333 0.065625 0.07083333333333333
1 0.3828125 0.34479166666666666 0.153125 0.22708333333333333
1 0.115625 0.428125 0.153125 0.22708333333333333
1 0.13671875 0.9260416666666667 0.1390625 0.14375000000000002
1 0.26328125 0.9260416666666667 0.1390625 0.14375000000000002
1 0.07734375000000002 0.8677083333333334 0.15156250000000002 0.18125000000000002