2 0.40390625 0.7395833333333334 0.23593750000000002 0.2916666666666667
1 0.33281250000000007 0.45208333333333334 0.16562500000000002 0.25833333333333336
1 0.08281250000000001 0.18958333333333335 0.16250000000000003 0.25833333333333336
1 0.22265625 0.33125000000000004 0.1671875 0.23333333333333334
1 0.146875 0.4666666666666667 0.16562500000000002 0.23333333333333334
1 0.21171875 0.6041666666666667 0.1671875 0.23333333333333334
1 0.1328125 0.6583333333333333 0.16562500000000002 0.23333333333333334
1 0.08046875 0.8218750000000001 0.15781250000000002 0.20625
1 0.53671875 0.9166666666666667 0.1609375 0.16250000000000003
1 0.6781250000000001 0.76875 0.16562500000000002 0.20833333333333334
1 0.7734375 0.7614583333333333 0.12187500000000001 0.22291666666666668
1 0.8375000000000001 0.7114583333333334 0.18125000000000002 0.26875
1 0.9421875 0.6208333333333333 0.11250000000000002 0.22916666666666669
1 0.9359375000000001 0.9041666666666667 0.125 0.1875
1 0.86796875 0.29375 0.1609375 0.18333333333333332
1 0.7085937500000001 0.30208333333333337 0.24843750000000003 0.25833333333333336
1 0.55703125 0.09270833333333334 0.1609375 0.18125000000000002
1 0.46015625000000004 0.39583333333333337 0.1609375 0.18333333333333332
1 0.57421875 0.5833333333333334 0.1609375 0.18333333333333332
0 0.25625000000000003 0.7489583333333333 0.05625000000000001 0.09375
0 0.19687500000000002 0.7802083333333333 0.05625000000000001 0.09375
0 0.29531250000000003 0.9072916666666667 0.05625000000000001 0.09375
1 0.221875 0.08125000000000002 0.184375 0.15833333333333335