1 0.1484375 0.540625 0.203125 0.19375000000000003
1 0.0671875 0.8989583333333334 0.13125 0.18958333333333335
1 0.1953125 0.7750000000000001 0.16250000000000003 0.21666666666666667
1 0.8640625 0.22395833333333334 0.17812500000000003 0.25625000000000003
1 0.63203125 0.253125 0.18906250000000002 0.3104166666666667
1 0.9328125 0.39791666666666664 0.13125 0.23333333333333334
1 0.9164062500000001 0.8708333333333333 0.1640625 0.25416666666666665
1 0.6171875 0.603125 0.17812500000000003 0.25625000000000003
1 0.6265625000000001 0.8708333333333333 0.17812500000000003 0.25416666666666665
1 0.42421875 0.38645833333333335 0.21718750000000003 0.30625
2 0.40234375 0.815625 0.3453125 0.36458333333333337