2 0.23359375 0.5145833333333333 0.23281250000000003 0.2833333333333333
0 0.73046875 0.625 0.0859375 0.07083333333333333
1 0.46796875000000004 0.296875 0.1828125 0.23541666666666666
1 0.39453125 0.19791666666666669 0.1265625 0.19583333333333333
1 0.6460937500000001 0.38645833333333335 0.15468750000000003 0.17708333333333334
1 0.75703125 0.38020833333333337 0.18906250000000002 0.18958333333333335
1 0.44921875 0.5135416666666667 0.18906250000000002 0.22291666666666668
1 0.41796875 0.6635416666666667 0.18906250000000002 0.22291666666666668
1 0.31171875000000004 0.778125 0.18906250000000002 0.22291666666666668
1 0.49453125 0.871875 0.18906250000000002 0.22291666666666668
1 0.70390625 0.8531250000000001 0.18906250000000002 0.22291666666666668
1 0.8828125 0.31875 0.184375 0.17916666666666667
1 0.90234375 0.21354166666666669 0.18906250000000002 0.18958333333333335
1 0.7398437500000001 0.11979166666666667 0.1640625 0.20625
1 0.2109375 0.175 0.203125 0.25416666666666665
1 0.115625 0.26666666666666666 0.171875 0.24166666666666667
1 0.06875 0.3947916666666667 0.134375 0.25625000000000003
1 0.0625 0.5333333333333333 0.12187500000000001 0.25833333333333336
1 0.059375 0.65625 0.115625 0.21250000000000002
1 0.059375 0.7520833333333333 0.115625 0.21250000000000002
1 0.10078125000000002 0.8479166666666667 0.1265625 0.21666666666666667
1 0.08906250000000002 0.9395833333333333 0.14375000000000002 0.11666666666666667
1 0.39609375 0.05416666666666667 0.1453125 0.10416666666666667
1 0.5 0.078125 0.140625 0.15208333333333332