1 0.584375 0.596875 0.15000000000000002 0.21458333333333332
1 0.3453125 0.6739583333333333 0.15000000000000002 0.21458333333333332
1 0.4234375 0.6760416666666667 0.15000000000000002 0.21458333333333332
1 0.45625000000000004 0.8552083333333333 0.16250000000000003 0.20625
1 0.2078125 0.8031250000000001 0.16250000000000003 0.20625
1 0.08125000000000002 0.8197916666666667 0.159375 0.20625
1 0.6203125 0.9135416666666667 0.15000000000000002 0.16875
1 0.6781250000000001 0.8895833333333333 0.15000000000000002 0.17083333333333334
1 0.715625 0.8354166666666667 0.15000000000000002 0.17083333333333334
1 0.7796875000000001 0.7916666666666667 0.15000000000000002 0.17083333333333334
1 0.8171875 0.75 0.15000000000000002 0.17083333333333334
1 0.8484375 0.71875 0.15000000000000002 0.17083333333333334
1 0.7578125 0.5041666666666667 0.15000000000000002 0.17083333333333334
1 0.809375 0.5208333333333334 0.15000000000000002 0.17083333333333334
1 0.8656250000000001 0.5479166666666667 0.15000000000000002 0.17083333333333334
1 0.68671875 0.29583333333333334 0.15468750000000003 0.21666666666666667
1 0.078125 0.33541666666666664 0.153125 0.21666666666666667
1 0.203125 0.2520833333333333 0.15625 0.21666666666666667
1 0.35390625 0.2989583333333333 0.1328125 0.16875
1 0.6023437500000001 0.11145833333333334 0.1328125 0.16875
1 0.9328125 0.37395833333333334 0.13125 0.16875
2 0.878125 0.171875 0.221875 0.25625000000000003
1 0.43437500000000007 0.4885416666666667 0.15000000000000002 0.21458333333333332
1 0.328125 0.19270833333333334 0.15000000000000002 0.21458333333333332
0 0.29453125 0.05625000000000001 0.04843750000000001 0.058333333333333334