1 0.5796875 0.9010416666666667 0.13125 0.19375000000000003
1 0.27187500000000003 0.8395833333333333 0.153125 0.2
1 0.07734375000000002 0.7895833333333334 0.15156250000000002 0.2
1 0.1984375 0.6541666666666667 0.153125 0.2
1 0.115625 0.08645833333333333 0.15625 0.16875
1 0.33515625000000004 0.109375 0.1796875 0.21458333333333332
1 0.5171875 0.11458333333333334 0.15000000000000002 0.22500000000000003
1 0.8968750000000001 0.065625 0.159375 0.12708333333333333
1 0.9007812500000001 0.3166666666666667 0.1640625 0.21666666666666667
1 0.9171875 0.8666666666666667 0.16250000000000003 0.21666666666666667
1 0.64140625 0.684375 0.1921875 0.23125
1 0.55703125 0.5010416666666667 0.1921875 0.23125
1 0.134375 0.421875 0.16875 0.18958333333333335
1 0.39453125 0.6125 0.18906250000000002 0.22916666666666669
2 0.675 0.27708333333333335 0.33125000000000004 0.4041666666666667