2 0.34609375 0.28645833333333337 0.1984375 0.2520833333333333
1 0.45000000000000007 0.6802083333333334 0.171875 0.21875
1 0.5359375000000001 0.246875 0.171875 0.21875
1 0.6265625000000001 0.6208333333333333 0.140625 0.19583333333333333
1 0.78125 0.7125000000000001 0.140625 0.19583333333333333
1 0.7250000000000001 0.7479166666666667 0.140625 0.19583333333333333
1 0.61640625 0.8739583333333333 0.1953125 0.22708333333333333
1 0.38750000000000007 0.5520833333333334 0.153125 0.18333333333333332
1 0.23515625 0.7916666666666667 0.20156250000000003 0.2375
1 0.1640625 0.09687500000000002 0.171875 0.18958333333333335
1 0.34921875 0.11666666666666667 0.15468750000000003 0.16666666666666669
1 0.7210937500000001 0.09375 0.17343750000000002 0.18333333333333332
1 0.89453125 0.37604166666666666 0.17343750000000002 0.18541666666666667
1 0.9007812500000001 0.503125 0.17343750000000002 0.18541666666666667
1 0.92578125 0.6177083333333334 0.1453125 0.20208333333333334
1 0.7984375000000001 0.31145833333333334 0.146875 0.20208333333333334
1 0.715625 0.23645833333333335 0.146875 0.20208333333333334
1 0.73125 0.38020833333333337 0.146875 0.20208333333333334
1 0.73125 0.43333333333333335 0.16250000000000003 0.20833333333333334
1 0.6921875 0.4375 0.16250000000000003 0.20833333333333334
1 0.628125 0.48333333333333334 0.16250000000000003 0.20833333333333334
1 0.17343750000000002 0.6041666666666667 0.190625 0.21666666666666667
1 0.8078125 0.9239583333333333 0.19687500000000002 0.14791666666666667
1 0.0703125 0.8802083333333334 0.1375 0.23541666666666666
0 0.18906250000000002 0.26666666666666666 0.059375 0.09583333333333334