1 0.7093750000000001 0.30833333333333335 0.215625 0.20833333333333334
1 0.6898437500000001 0.4416666666666667 0.1796875 0.2
1 0.25390625 0.35625000000000007 0.1921875 0.21250000000000002
1 0.284375 0.8197916666666667 0.16250000000000003 0.20625
1 0.32421875 0.8958333333333334 0.1453125 0.20416666666666666
1 0.10703125 0.5958333333333333 0.17031250000000003 0.24166666666666667
1 0.5632812500000001 0.73125 0.17031250000000003 0.24166666666666667
1 0.9085937500000001 0.3375 0.15781250000000002 0.24583333333333332
1 0.84765625 0.6041666666666667 0.15781250000000002 0.2375
1 0.64765625 0.6625000000000001 0.15781250000000002 0.2375
1 0.49140625000000004 0.24375000000000002 0.15781250000000002 0.2375
1 0.4828125 0.48958333333333337 0.1875 0.25416666666666665
2 0.6640625 0.11145833333333334 0.44375 0.21875
1 0.24296875 0.103125 0.1453125 0.20208333333333334
1 0.28359375000000003 0.23958333333333334 0.1453125 0.20416666666666666
1 0.8359375 0.8885416666666667 0.171875 0.21875