2 0.22890625000000003 0.3479166666666667 0.22031250000000002 0.25416666666666665
2 0.8882812500000001 0.815625 0.22031250000000002 0.36458333333333337
0 0.30312500000000003 0.19895833333333332 0.053125000000000006 0.08125000000000002
0 0.12187500000000001 0.9583333333333334 0.053125000000000006 0.07916666666666668
1 0.12578125 0.7895833333333334 0.1984375 0.20416666666666666
1 0.26640625 0.8208333333333334 0.1984375 0.20416666666666666
1 0.23359375 0.5666666666666667 0.1984375 0.20416666666666666
1 0.14765625000000002 0.5354166666666667 0.1984375 0.20416666666666666
1 0.67265625 0.6979166666666667 0.1984375 0.20416666666666666
1 0.63984375 0.4666666666666667 0.1984375 0.20416666666666666
1 0.56171875 0.19791666666666669 0.1984375 0.20416666666666666
1 0.7250000000000001 0.2833333333333333 0.146875 0.21666666666666667
1 0.0796875 0.109375 0.146875 0.21458333333333332
1 0.060937500000000006 0.30937500000000007 0.11875 0.21458333333333332
1 0.9398437500000001 0.22500000000000003 0.1171875 0.24583333333333332
1 0.8828125 0.38645833333333335 0.18125000000000002 0.24791666666666667