1 0.77734375 0.6625000000000001 0.1453125 0.19583333333333333
1 0.78046875 0.8062500000000001 0.1453125 0.19583333333333333
1 0.39609375 0.8833333333333334 0.15156250000000002 0.22916666666666669
1 0.49765625 0.7802083333333333 0.15156250000000002 0.23125
1 0.31953125000000004 0.4708333333333333 0.1265625 0.22083333333333335
1 0.40234375 0.24062500000000003 0.1609375 0.26458333333333334
1 0.17265625 0.38229166666666664 0.15468750000000003 0.21875
1 0.9328125 0.46458333333333335 0.13125 0.21250000000000002
1 0.14140625 0.7354166666666667 0.1671875 0.20833333333333334
1 0.8687500000000001 0.22291666666666668 0.16875 0.20833333333333334
1 0.6796875 0.10833333333333334 0.16875 0.20833333333333334
1 0.23125 0.14375000000000002 0.140625 0.18333333333333332
1 0.0703125 0.15833333333333335 0.1375 0.18333333333333332
1 0.46796875000000004 0.6083333333333333 0.1640625 0.18333333333333332
1 0.06328125 0.39166666666666666 0.1234375 0.20833333333333334
1 0.22500000000000003 0.5697916666666667 0.11875 0.18958333333333335
2 0.6421875000000001 0.3927083333333333 0.446875 0.40625