1 0.1796875 0.8447916666666667 0.15000000000000002 0.19375000000000003
1 0.6046875 0.9020833333333333 0.15000000000000002 0.19166666666666668
1 0.7242187500000001 0.78125 0.1765625 0.19583333333333333
1 0.7718750000000001 0.5729166666666667 0.15625 0.19166666666666668
1 0.7359375000000001 0.3635416666666667 0.159375 0.20208333333333334
1 0.6187500000000001 0.525 0.1375 0.20833333333333334
1 0.27109375 0.31562500000000004 0.17031250000000003 0.19791666666666669
1 0.53828125 0.27291666666666664 0.1796875 0.2375
1 0.16015625 0.140625 0.17343750000000002 0.23125
1 0.38515625 0.11666666666666667 0.1921875 0.22916666666666669
1 0.15234375 0.47187500000000004 0.17031250000000003 0.19791666666666669
1 0.0859375 0.553125 0.16875 0.19791666666666669
1 0.41328125000000004 0.45416666666666666 0.1765625 0.21666666666666667
1 0.8382812500000001 0.16250000000000003 0.1796875 0.2375
1 0.9085937500000001 0.41770833333333335 0.1640625 0.22291666666666668
1 0.90234375 0.8875 0.1640625 0.22083333333333335
1 0.93046875 0.628125 0.13593750000000002 0.21041666666666667
1 0.55625 0.08333333333333334 0.159375 0.16250000000000003
2 0.40859375 0.7677083333333333 0.33906250000000004 0.4395833333333333