1 0.09609375 0.8395833333333333 0.1796875 0.20416666666666666
1 0.14921875 0.6302083333333334 0.2078125 0.28958333333333336
1 0.15000000000000002 0.459375 0.17812500000000003 0.19375000000000003
1 0.26875 0.48541666666666666 0.10625000000000001 0.27083333333333337
1 0.09921875 0.08333333333333334 0.1296875 0.16250000000000003
1 0.48671875 0.21145833333333333 0.1609375 0.23125
1 0.6664062500000001 0.11979166666666667 0.13593750000000002 0.17708333333333334
1 0.34921875 0.3072916666666667 0.17031250000000003 0.18125000000000002
1 0.39609375 0.5645833333333333 0.18593750000000003 0.18333333333333332
1 0.33984375 0.78125 0.1796875 0.2375
1 0.45078125 0.7854166666666667 0.1796875 0.2375
1 0.6460937500000001 0.7593750000000001 0.1796875 0.26458333333333334
1 0.20703125 0.22500000000000003 0.12031250000000002 0.275
1 0.08515625000000002 0.278125 0.1609375 0.18958333333333335
1 0.28125 0.12083333333333333 0.153125 0.22916666666666669
1 0.925 0.490625 0.146875 0.28541666666666665
1 0.8078125 0.9364583333333333 0.1875 0.12291666666666666
0 0.75 0.7708333333333334 0.0625 0.09583333333333334
2 0.6585937500000001 0.47604166666666664 0.3578125 0.41875000000000007