2 0.6101562500000001 0.134375 0.2515625 0.26458333333333334
1 0.21953125 0.3072916666666667 0.1609375 0.24375000000000002
1 0.49453125 0.359375 0.1609375 0.24375000000000002
1 0.3890625 0.5145833333333333 0.14375000000000002 0.29583333333333334
1 0.24453125000000003 0.521875 0.1484375 0.23125
1 0.6851562500000001 0.359375 0.1484375 0.23125
1 0.6617187500000001 0.6364583333333333 0.1484375 0.23125
1 0.57265625 0.8687500000000001 0.1640625 0.25
1 0.13046875 0.7677083333333333 0.1828125 0.24791666666666667
1 0.86015625 0.10208333333333333 0.1671875 0.2
1 0.9507812500000001 0.4083333333333333 0.0953125 0.21666666666666667
1 0.94453125 0.66875 0.1078125 0.28750000000000003
1 0.8453125000000001 0.7833333333333333 0.146875 0.21250000000000002
1 0.715625 0.8239583333333333 0.184375 0.25625000000000003
1 0.0953125 0.6020833333333333 0.13125 0.22916666666666669
1 0.83671875 0.5302083333333333 0.1609375 0.24375000000000002