2 0.24921875 0.5875 0.3671875 0.4125
1 0.7164062500000001 0.5750000000000001 0.18906250000000002 0.22500000000000003
1 0.88359375 0.32708333333333334 0.18906250000000002 0.22500000000000003
1 0.6546875000000001 0.7583333333333334 0.16562500000000002 0.20416666666666666
1 0.7953125000000001 0.7520833333333333 0.16562500000000002 0.20416666666666666
1 0.9015625 0.6229166666666667 0.16562500000000002 0.20416666666666666
1 0.9164062500000001 0.8 0.1640625 0.20416666666666666
1 0.6343750000000001 0.19166666666666668 0.16562500000000002 0.20416666666666666
1 0.5765625 0.19166666666666668 0.16562500000000002 0.20416666666666666
1 0.49687500000000007 0.15416666666666667 0.16562500000000002 0.20416666666666666
1 0.428125 0.13958333333333334 0.16562500000000002 0.20416666666666666
1 0.2578125 0.08958333333333333 0.175 0.175
1 0.07578125000000001 0.484375 0.1484375 0.27708333333333335
1 0.490625 0.9177083333333333 0.159375 0.16041666666666668
1 0.3578125 0.9177083333333333 0.159375 0.16041666666666668
1 0.08046875 0.08125000000000002 0.15781250000000002 0.15833333333333335
1 0.39765625000000004 0.36458333333333337 0.1828125 0.16666666666666669
1 0.8234375 0.9072916666666667 0.25 0.18125000000000002
1 0.2984375 0.24375000000000002 0.134375 0.22916666666666669
1 0.7828125000000001 0.08958333333333333 0.19687500000000002 0.175