2 0.3140625 0.3791666666666667 0.29375 0.3541666666666667
1 0.13046875 0.45625000000000004 0.1328125 0.25416666666666665
1 0.7210937500000001 0.7760416666666667 0.1609375 0.23958333333333334
1 0.89921875 0.8114583333333333 0.1609375 0.23958333333333334
1 0.80078125 0.8447916666666667 0.1609375 0.23958333333333334
1 0.4453125 0.9135416666666667 0.18125000000000002 0.16875
1 0.2984375 0.9135416666666667 0.18125000000000002 0.16875
1 0.2859375 0.8479166666666667 0.18125000000000002 0.17083333333333334
1 0.66328125 0.40937500000000004 0.1609375 0.19375000000000003
1 0.8492187500000001 0.5052083333333334 0.1609375 0.19375000000000003
1 0.56640625 0.5375 0.20468750000000002 0.2375
1 0.8960937500000001 0.19791666666666669 0.1296875 0.19583333333333333
1 0.04453125000000001 0.3927083333333333 0.0859375 0.27708333333333335
1 0.25390625 0.09791666666666667 0.23281250000000003 0.19166666666666668
1 0.428125 0.6114583333333333 0.134375 0.17708333333333334
1 0.33906250000000004 0.6875 0.16562500000000002 0.19166666666666668
1 0.58046875 0.37395833333333334 0.1609375 0.19375000000000003