1 0.16796875 0.7479166666666667 0.17031250000000003 0.22083333333333335
1 0.05390625 0.546875 0.10468750000000002 0.24791666666666667
1 0.33828125 0.3479166666666667 0.17031250000000003 0.22083333333333335
1 0.25859375 0.290625 0.17343750000000002 0.23958333333333334
1 0.30937500000000007 0.09375 0.146875 0.18333333333333332
1 0.453125 0.09375 0.146875 0.18333333333333332
1 0.8765625000000001 0.5302083333333333 0.16250000000000003 0.20208333333333334
1 0.8296875000000001 0.31979166666666664 0.16250000000000003 0.20208333333333334
1 0.66875 0.396875 0.16250000000000003 0.20208333333333334
1 0.4671875 0.596875 0.190625 0.21458333333333332
1 0.36484375 0.5489583333333333 0.1796875 0.21458333333333332
1 0.32343750000000004 0.8010416666666667 0.153125 0.26875
1 0.53515625 0.8239583333333333 0.1109375 0.24791666666666667
1 0.59921875 0.16041666666666668 0.2109375 0.3166666666666667
2 0.703125 0.7270833333333334 0.35 0.42083333333333334