1 0.83515625 0.09895833333333334 0.17031250000000003 0.18958333333333335
1 0.6265625000000001 0.534375 0.16875 0.23958333333333334
1 0.8375000000000001 0.8572916666666667 0.13125 0.22708333333333333
1 0.9234375000000001 0.28229166666666666 0.13125 0.22708333333333333
1 0.6828125 0.8552083333333333 0.16875 0.23958333333333334
1 0.625 0.10104166666666667 0.16562500000000002 0.19791666666666669
1 0.18515625000000002 0.2791666666666667 0.1984375 0.2375
1 0.4859375 0.16354166666666667 0.17812500000000003 0.21041666666666667
1 0.103125 0.5177083333333333 0.190625 0.21041666666666667
1 0.71484375 0.46875 0.17031250000000003 0.25
1 0.7132812500000001 0.6572916666666667 0.15156250000000002 0.21458333333333332
2 0.1765625 0.8447916666666667 0.35 0.30625
0 0.83125 0.421875 0.07187500000000001 0.08541666666666667