1 0.77265625 0.6781250000000001 0.17343750000000002 0.19375000000000003
1 0.81328125 0.35833333333333334 0.1765625 0.22916666666666669
1 0.71953125 0.2 0.1453125 0.21666666666666667
1 0.5867187500000001 0.5729166666666667 0.17031250000000003 0.25833333333333336
1 0.46562500000000007 0.7895833333333334 0.16250000000000003 0.20833333333333334
1 0.6390625000000001 0.85625 0.2 0.22500000000000003
1 0.40312500000000007 0.9104166666666667 0.18125000000000002 0.175
1 0.584375 0.17604166666666668 0.159375 0.18125000000000002
1 0.640625 0.31979166666666664 0.159375 0.18125000000000002
2 0.30078125 0.4041666666666667 0.2703125 0.32916666666666666
0 0.8921875000000001 0.9583333333333334 0.065625 0.07916666666666668
0 0.190625 0.5479166666666667 0.065625 0.09583333333333334