1 0.1328125 0.45000000000000007 0.171875 0.2
1 0.09453125000000001 0.175 0.15156250000000002 0.20416666666666666
1 0.1265625 0.8375000000000001 0.175 0.20833333333333334
1 0.2578125 0.7666666666666667 0.175 0.20833333333333334
1 0.33671875000000007 0.6260416666666667 0.1796875 0.2520833333333333
1 0.46328125 0.8197916666666667 0.15156250000000002 0.19791666666666669
1 0.6273437500000001 0.7020833333333333 0.1609375 0.1875
1 0.609375 0.23541666666666666 0.190625 0.22916666666666669
1 0.3671875 0.10625000000000001 0.203125 0.20833333333333334
1 0.34765625 0.3260416666666667 0.17031250000000003 0.19375000000000003
1 0.38750000000000007 0.39791666666666664 0.140625 0.16250000000000003
1 0.7234375 0.08020833333333334 0.234375 0.15625
1 0.90703125 0.5437500000000001 0.1765625 0.16666666666666669
1 0.7992187500000001 0.34062500000000007 0.1296875 0.17291666666666666
1 0.8726562500000001 0.3072916666666667 0.1484375 0.22291666666666668
2 0.86796875 0.7958333333333333 0.2609375 0.38333333333333336
0 0.69921875 0.5552083333333333 0.1078125 0.15208333333333332
0 0.14140625 0.28125 0.0703125 0.09166666666666666
0 0.215625 0.09270833333333334 0.08125000000000002 0.08125000000000002