1 0.20546875000000003 0.7250000000000001 0.1390625 0.2
1 0.55859375 0.48229166666666673 0.1828125 0.21458333333333332
1 0.9312500000000001 0.5739583333333333 0.134375 0.19375000000000003
1 0.8765625000000001 0.40312500000000007 0.16250000000000003 0.21458333333333332
1 0.8625 0.10625000000000001 0.16562500000000002 0.20833333333333334
1 0.7906250000000001 0.234375 0.16562500000000002 0.21041666666666667
1 0.9164062500000001 0.22604166666666667 0.1640625 0.21041666666666667
1 0.7289062500000001 0.6052083333333333 0.1828125 0.21458333333333332
1 0.58359375 0.8854166666666667 0.1390625 0.19583333333333333
1 0.83984375 0.9135416666666667 0.1453125 0.16875
1 0.70703125 0.9135416666666667 0.1453125 0.16875
1 0.08203125 0.9135416666666667 0.1453125 0.16875
1 0.30234375 0.15833333333333335 0.1296875 0.22083333333333335
2 0.10625000000000001 0.17083333333333334 0.19375000000000003 0.30000000000000004
0 0.55390625 0.11458333333333334 0.0734375 0.08333333333333334