1 0.6265625000000001 0.4947916666666667 0.171875 0.17291666666666666
1 0.46562500000000007 0.640625 0.171875 0.17291666666666666
1 0.4546875 0.4625 0.16250000000000003 0.2
1 0.44375 0.09270833333333334 0.16250000000000003 0.18125000000000002
1 0.24609375 0.11145833333333334 0.1671875 0.21875
1 0.5578125 0.23125 0.18125000000000002 0.21250000000000002
1 0.8687500000000001 0.16145833333333334 0.17812500000000003 0.20625
1 0.0921875 0.6979166666666667 0.16250000000000003 0.2
1 0.40937500000000004 0.8645833333333334 0.16250000000000003 0.2
1 0.8515625 0.30416666666666664 0.16250000000000003 0.2
1 0.746875 0.07083333333333333 0.10625000000000001 0.1375
1 0.08515625000000002 0.9208333333333333 0.1265625 0.15416666666666667
1 0.30000000000000004 0.6666666666666667 0.134375 0.17083333333333334
1 0.27187500000000003 0.8760416666666667 0.115625 0.16041666666666668
2 0.5875 0.8416666666666667 0.234375 0.24166666666666667
0 0.59296875 0.671875 0.0671875 0.09375
0 0.42265625000000007 0.22812500000000002 0.0671875 0.09375