1 0.23046875 0.5177083333333333 0.15468750000000003 0.18958333333333335
1 0.34609375 0.478125 0.15468750000000003 0.18958333333333335
1 0.83515625 0.7197916666666667 0.15468750000000003 0.20625
1 0.9117187500000001 0.390625 0.15468750000000003 0.20625
1 0.7890625 0.8947916666666667 0.18125000000000002 0.20208333333333334
1 0.584375 0.30520833333333336 0.18125000000000002 0.20208333333333334
1 0.9421875 0.8333333333333334 0.11250000000000002 0.2625
2 0.31328125000000007 0.7854166666666667 0.3828125 0.42500000000000004
0 0.54140625 0.4197916666666667 0.06406250000000001 0.06458333333333334
0 0.55703125 0.48541666666666666 0.0546875 0.08333333333333334
0 0.6062500000000001 0.478125 0.05625000000000001 0.07291666666666667
0 0.4515625 0.6479166666666667 0.0625 0.07083333333333333