1 0.3125 0.8343750000000001 0.18125000000000002 0.19375000000000003
1 0.12890625 0.8708333333333333 0.17343750000000002 0.1875
1 0.415625 0.284375 0.18125000000000002 0.19375000000000003
1 0.69609375 0.19791666666666669 0.1828125 0.22500000000000003
1 0.7242187500000001 0.43437500000000007 0.1453125 0.22708333333333333
1 0.9312500000000001 0.6072916666666667 0.134375 0.26458333333333334
1 0.29531250000000003 0.5104166666666667 0.153125 0.21250000000000002
1 0.45000000000000007 0.6979166666666667 0.153125 0.21250000000000002
1 0.1609375 0.7291666666666667 0.15625 0.1875
1 0.51484375 0.16666666666666669 0.1765625 0.25
2 0.6296875 0.6989583333333333 0.20625 0.27708333333333335
0 0.23515625 0.43854166666666666 0.0515625 0.06875
2 0.9328125 0.3145833333333333 0.13125 0.25833333333333336