1 0.7234375 0.22395833333333334 0.175 0.21041666666666667
1 0.53828125 0.234375 0.1296875 0.21041666666666667
1 0.48359375000000004 0.9166666666666667 0.1484375 0.16250000000000003
1 0.44375 0.5 0.140625 0.22083333333333335
1 0.41796875 0.21145833333333333 0.1171875 0.18958333333333335
1 0.8375000000000001 0.6479166666666667 0.15625 0.23333333333333334
1 0.77265625 0.8291666666666667 0.1453125 0.17916666666666667
1 0.9164062500000001 0.91875 0.15468750000000003 0.15833333333333335
1 0.69609375 0.9458333333333334 0.15468750000000003 0.10416666666666667
1 0.56484375 0.7 0.1453125 0.17916666666666667
1 0.6500000000000001 0.6447916666666667 0.15000000000000002 0.21458333333333332
1 0.08203125 0.8979166666666667 0.15156250000000002 0.2
1 0.05234375000000001 0.6666666666666667 0.1015625 0.24166666666666667
2 0.2734375 0.7645833333333333 0.35 0.4166666666666667
0 0.73828125 0.34687500000000004 0.06406250000000001 0.08125000000000002
0 0.9429687500000001 0.5708333333333333 0.0765625 0.08333333333333334