1 0.80390625 0.5145833333333333 0.1765625 0.20416666666666666
1 0.7210937500000001 0.6020833333333333 0.1765625 0.20416666666666666
1 0.6585937500000001 0.18541666666666667 0.1765625 0.20416666666666666
1 0.8921875000000001 0.27395833333333336 0.184375 0.23541666666666666
1 0.8109375000000001 0.25625000000000003 0.159375 0.21666666666666667
1 0.36171875 0.45416666666666666 0.1765625 0.20416666666666666
1 0.52265625 0.8479166666666667 0.1765625 0.20416666666666666
1 0.9109375 0.7395833333333334 0.175 0.20416666666666666
1 0.44609375000000007 0.16666666666666669 0.1765625 0.20416666666666666
1 0.12421875000000002 0.19375000000000003 0.1765625 0.20416666666666666
1 0.12109375 0.7479166666666667 0.1765625 0.20416666666666666
1 0.27734375 0.6854166666666667 0.1765625 0.20416666666666666
1 0.15859375000000003 0.8968750000000001 0.1296875 0.20208333333333334
1 0.190625 0.4041666666666667 0.22500000000000003 0.25
1 0.6984375 0.9208333333333333 0.15000000000000002 0.15416666666666667
2 0.3125 0.8927083333333333 0.18125000000000002 0.21041666666666667
0 0.58984375 0.20833333333333334 0.0546875 0.0625