1 0.5890625 0.4666666666666667 0.1375 0.20833333333333334
1 0.56875 0.140625 0.16250000000000003 0.21458333333333332
1 0.33203125 0.19895833333333332 0.1234375 0.18541666666666667
1 0.77421875 0.7020833333333333 0.1328125 0.19166666666666668
1 0.71015625 0.55625 0.1453125 0.2
1 0.7914062500000001 0.3479166666666667 0.1453125 0.2
1 0.5320312500000001 0.8833333333333334 0.1671875 0.22916666666666669
1 0.05390625 0.5354166666666667 0.10468750000000002 0.22083333333333335
1 0.39375000000000004 0.8583333333333333 0.159375 0.2375
1 0.11484375 0.1375 0.1421875 0.22500000000000003
2 0.29609375 0.46979166666666666 0.2671875 0.31875
0 0.82421875 0.5604166666666667 0.0515625 0.06666666666666667
0 0.290625 0.07291666666666667 0.05 0.08333333333333334
0 0.09296875000000002 0.184375 0.0296875 0.04791666666666667
0 0.61484375 0.32916666666666666 0.0546875 0.06666666666666667