2 0.7515625000000001 0.7520833333333333 0.1875 0.24583333333333332
1 0.3734375 0.3458333333333333 0.16250000000000003 0.24583333333333332
1 0.50546875 0.28020833333333334 0.1609375 0.18958333333333335
1 0.47265625 0.459375 0.1609375 0.18958333333333335
1 0.49921875000000004 0.509375 0.1609375 0.18958333333333335
1 0.91015625 0.39791666666666664 0.1671875 0.25416666666666665
1 0.9312500000000001 0.5072916666666667 0.134375 0.21875
1 0.81640625 0.5572916666666667 0.13593750000000002 0.21875
1 0.7679687500000001 0.49687500000000007 0.13593750000000002 0.21875
1 0.7085937500000001 0.478125 0.13593750000000002 0.21875
1 0.63359375 0.43437500000000007 0.13593750000000002 0.21875
1 0.8804687500000001 0.17812500000000003 0.13593750000000002 0.21875
1 0.81640625 0.16354166666666667 0.13593750000000002 0.21875
1 0.67578125 0.140625 0.13593750000000002 0.21875
1 0.21796875 0.8885416666666667 0.13593750000000002 0.18541666666666667
1 0.08984375 0.7593750000000001 0.13593750000000002 0.18541666666666667
1 0.09453125000000001 0.25104166666666666 0.13593750000000002 0.18541666666666667
1 0.10078125000000002 0.38958333333333334 0.15781250000000002 0.21250000000000002
1 0.13671875 0.4625 0.15781250000000002 0.21250000000000002
1 0.15234375 0.08958333333333333 0.15468750000000003 0.15833333333333335
1 0.25390625 0.10625000000000001 0.15468750000000003 0.15833333333333335
1 0.27421875 0.14375000000000002 0.15468750000000003 0.15833333333333335
1 0.9234375000000001 0.8072916666666667 0.15000000000000002 0.21875
1 0.58984375 0.953125 0.1453125 0.08958333333333333
1 0.36796875000000007 0.7458333333333333 0.1765625 0.22083333333333335
1 0.31484375 0.6125 0.1765625 0.22083333333333335
1 0.23671875000000003 0.5770833333333333 0.1765625 0.22083333333333335
0 0.2390625 0.2791666666666667 0.065625 0.09583333333333334
0 0.5945312500000001 0.17083333333333334 0.0515625 0.07916666666666668
1 0.08046875 0.6197916666666666 0.15781250000000002 0.20625