1 0.11796875000000001 0.24166666666666667 0.1796875 0.2
1 0.11640625000000002 0.44479166666666664 0.17031250000000003 0.18958333333333335
1 0.234375 0.6333333333333334 0.171875 0.21250000000000002
1 0.1265625 0.78125 0.17812500000000003 0.2
1 0.32421875 0.8166666666666667 0.1765625 0.175
1 0.46875 0.8187500000000001 0.18125000000000002 0.19583333333333333
1 0.6484375 0.8395833333333333 0.16562500000000002 0.22916666666666669
1 0.76953125 0.8218750000000001 0.15781250000000002 0.17291666666666666
1 0.784375 0.625 0.15625 0.22500000000000003
1 0.86796875 0.5239583333333333 0.1921875 0.16041666666666668
1 0.8359375 0.34895833333333337 0.19375000000000003 0.16875
1 0.5906250000000001 0.19791666666666669 0.171875 0.2
1 0.84375 0.12291666666666666 0.17812500000000003 0.24166666666666667
1 0.36484375 0.31145833333333334 0.18906250000000002 0.27708333333333335
2 0.55078125 0.490625 0.3515625 0.45625000000000004