1 0.35625000000000007 0.7375 0.190625 0.23333333333333334
1 0.08203125 0.721875 0.1609375 0.21458333333333332
1 0.7734375 0.20937500000000003 0.16250000000000003 0.21458333333333332
1 0.6984375 0.25520833333333337 0.16250000000000003 0.21458333333333332
1 0.6156250000000001 0.3635416666666667 0.17812500000000003 0.26875
1 0.390625 0.41145833333333337 0.19687500000000002 0.23541666666666666
1 0.22734375 0.1 0.1640625 0.19583333333333333
1 0.37890625 0.21458333333333332 0.1765625 0.21250000000000002
1 0.5734375 0.08958333333333333 0.16875 0.175
1 0.51875 0.64375 0.146875 0.19166666666666668
1 0.5328125 0.7739583333333334 0.15625 0.18958333333333335
1 0.5328125 0.878125 0.15625 0.18958333333333335
1 0.7171875000000001 0.903125 0.15625 0.18958333333333335
1 0.19765625000000003 0.734375 0.1640625 0.23541666666666666
2 0.87578125 0.7510416666666667 0.2453125 0.3854166666666667
0 0.7375 0.6468750000000001 0.059375 0.07708333333333334
0 0.41171875 0.059375 0.0515625 0.08958333333333333