2 0.2765625 0.8270833333333333 0.34062500000000007 0.3416666666666667
1 0.6187500000000001 0.8489583333333334 0.15625 0.19375000000000003
1 0.15546875 0.49791666666666673 0.1453125 0.25
1 0.76953125 0.9156250000000001 0.13593750000000002 0.16458333333333333
1 0.78828125 0.35833333333333334 0.13593750000000002 0.16666666666666669
1 0.77734375 0.6979166666666667 0.13593750000000002 0.16666666666666669
1 0.72265625 0.6937500000000001 0.1421875 0.20833333333333334
1 0.50546875 0.8260416666666667 0.1421875 0.22708333333333333
1 0.92265625 0.23020833333333332 0.1421875 0.20208333333333334
1 0.82890625 0.290625 0.1421875 0.20208333333333334
1 0.6359375 0.4416666666666667 0.09687500000000002 0.17083333333333334
1 0.565625 0.4666666666666667 0.103125 0.19583333333333333
1 0.5453125 0.23645833333333335 0.18125000000000002 0.22708333333333333
1 0.54921875 0.07187500000000001 0.1640625 0.13958333333333334
1 0.62109375 0.17083333333333334 0.1609375 0.23333333333333334
1 0.29296875 0.1 0.1671875 0.19583333333333333
1 0.07734375000000002 0.21041666666666667 0.15156250000000002 0.2625
1 0.3296875 0.4416666666666667 0.14375000000000002 0.21666666666666667
1 0.8046875 0.55 0.159375 0.22916666666666669