1 0.18125000000000002 0.453125 0.153125 0.21041666666666667
1 0.3671875 0.23645833333333335 0.153125 0.21041666666666667
1 0.22890625000000003 0.2833333333333333 0.1484375 0.15833333333333335
1 0.33906250000000004 0.5229166666666667 0.171875 0.22500000000000003
1 0.459375 0.39375000000000004 0.2 0.22916666666666669
1 0.7593750000000001 0.8583333333333333 0.175 0.19166666666666668
1 0.8734375000000001 0.909375 0.15625 0.17708333333333334
1 0.7523437500000001 0.6427083333333333 0.20468750000000002 0.21875
1 0.85234375 0.37187500000000007 0.15781250000000002 0.21875
1 0.11953125 0.17604166666666668 0.22031250000000002 0.21875
1 0.6273437500000001 0.4572916666666667 0.15781250000000002 0.24791666666666667
2 0.36015625000000007 0.8052083333333334 0.3765625 0.3854166666666667
0 0.28046875 0.15208333333333332 0.0515625 0.06666666666666667