1 0.56484375 0.24583333333333332 0.1921875 0.21250000000000002
1 0.82421875 0.2833333333333333 0.1921875 0.21250000000000002
1 0.81171875 0.4083333333333333 0.1921875 0.21250000000000002
1 0.7421875 0.6302083333333334 0.190625 0.17708333333333334
1 0.36875 0.5114583333333333 0.15000000000000002 0.21875
1 0.21250000000000002 0.6010416666666667 0.15000000000000002 0.21875
1 0.11875 0.20937500000000003 0.15000000000000002 0.21875
1 0.43671875000000004 0.9125000000000001 0.1609375 0.17083333333333334
1 0.39375000000000004 0.3072916666666667 0.159375 0.18958333333333335
1 0.52578125 0.6864583333333333 0.1671875 0.21041666666666667
1 0.9359375000000001 0.8062500000000001 0.125 0.2375
1 0.08906250000000002 0.85625 0.171875 0.21666666666666667
2 0.70390625 0.8479166666666667 0.3359375 0.30000000000000004