2 0.32265625 0.46979166666666666 0.3046875 0.44375
1 0.6382812500000001 0.5 0.1390625 0.16250000000000003
1 0.71953125 0.42916666666666664 0.1390625 0.16250000000000003
1 0.7867187500000001 0.3125 0.1390625 0.16250000000000003
1 0.7914062500000001 0.39791666666666664 0.1390625 0.20416666666666666
1 0.84453125 0.4197916666666667 0.1109375 0.16041666666666668
1 0.82734375 0.5906250000000001 0.1671875 0.20208333333333334
1 0.10234375000000001 0.734375 0.1609375 0.23541666666666666
1 0.41640625 0.125 0.1453125 0.21666666666666667
1 0.60703125 0.20833333333333334 0.1453125 0.21666666666666667
1 0.5867187500000001 0.26458333333333334 0.1828125 0.22083333333333335
1 0.4765625 0.2604166666666667 0.146875 0.19166666666666668
1 0.7046875000000001 0.7135416666666667 0.146875 0.21458333333333332
1 0.384375 0.809375 0.146875 0.21458333333333332
1 0.23125 0.8843750000000001 0.19687500000000002 0.21875
1 0.246875 0.12291666666666666 0.16875 0.24166666666666667
0 0.16171875000000002 0.3635416666666667 0.0578125 0.08958333333333333
1 0.48125000000000007 0.9354166666666667 0.14375000000000002 0.125
1 0.07421875 0.2677083333333333 0.1453125 0.21458333333333332