2 0.29453125 0.5822916666666667 0.2546875 0.28125
1 0.48046875 0.29583333333333334 0.1953125 0.23333333333333334
1 0.14609375 0.4416666666666667 0.1453125 0.19583333333333333
1 0.12265625 0.265625 0.2078125 0.21458333333333332
1 0.38359375000000007 0.8260416666666667 0.15781250000000002 0.21041666666666667
1 0.26640625 0.8510416666666667 0.15781250000000002 0.21041666666666667
1 0.20859375000000002 0.846875 0.15781250000000002 0.21041666666666667
1 0.10234375000000001 0.846875 0.15781250000000002 0.21041666666666667
1 0.5632812500000001 0.7489583333333333 0.15781250000000002 0.21041666666666667
1 0.73046875 0.7385416666666667 0.15781250000000002 0.21041666666666667
1 0.83671875 0.515625 0.15781250000000002 0.21041666666666667
1 0.8304687500000001 0.11770833333333333 0.1796875 0.22708333333333333
1 0.6500000000000001 0.1 0.18125000000000002 0.19583333333333333
1 0.26406250000000003 0.1 0.18125000000000002 0.19583333333333333
1 0.29531250000000003 0.259375 0.18125000000000002 0.19791666666666669
0 0.035937500000000004 0.08333333333333334 0.06875 0.0875
0 0.88359375 0.6427083333333333 0.0546875 0.06458333333333334
1 0.68671875 0.4729166666666667 0.1953125 0.23333333333333334
1 0.82890625 0.90625 0.13593750000000002 0.18333333333333332