1 0.6773437500000001 0.6791666666666667 0.17343750000000002 0.2
1 0.8031250000000001 0.25416666666666665 0.20625 0.22916666666666669
1 0.56015625 0.175 0.15781250000000002 0.25416666666666665
1 0.09921875 0.5802083333333333 0.1671875 0.24375000000000002
1 0.1921875 0.5302083333333333 0.18125000000000002 0.26875
1 0.3515625 0.26145833333333335 0.16875 0.24791666666666667
1 0.30859375 0.8031250000000001 0.1921875 0.23541666666666666
1 0.45234375000000004 0.7666666666666667 0.18906250000000002 0.19166666666666668
1 0.14453125 0.8802083333333334 0.2109375 0.22708333333333333
1 0.67109375 0.8947916666666667 0.18593750000000003 0.19791666666666669
1 0.9085937500000001 0.10520833333333333 0.1765625 0.17708333333333334
1 0.12578125 0.18229166666666669 0.18906250000000002 0.24791666666666667
1 0.8734375000000001 0.64375 0.153125 0.20833333333333334
1 0.94140625 0.43437500000000007 0.11406250000000001 0.23541666666666666
1 0.78515625 0.459375 0.2453125 0.23958333333333334
2 0.49375 0.484375 0.40937500000000004 0.4395833333333333
0 0.53125 0.8760416666666667 0.0625 0.09375
0 0.2421875 0.215625 0.0875 0.10208333333333333