1 0.6656250000000001 0.5052083333333334 0.15625 0.21458333333333332
1 0.58984375 0.5270833333333333 0.1609375 0.26666666666666666
1 0.84765625 0.5604166666666667 0.1828125 0.23333333333333334
1 0.90625 0.7552083333333334 0.159375 0.20208333333333334
1 0.39921875000000007 0.5437500000000001 0.17031250000000003 0.22916666666666669
1 0.10625000000000001 0.31875 0.14375000000000002 0.2
1 0.08906250000000002 0.7770833333333333 0.14375000000000002 0.20416666666666666
1 0.8804687500000001 0.13333333333333333 0.1390625 0.175
1 0.4296875 0.33645833333333336 0.1375 0.18541666666666667
1 0.1828125 0.8489583333333334 0.1875 0.23958333333333334
1 0.47890625 0.83125 0.1953125 0.20833333333333334
2 0.60703125 0.17708333333333334 0.34843750000000007 0.35