2 0.31015625 0.43333333333333335 0.2234375 0.27083333333333337
2 0.565625 0.878125 0.234375 0.23958333333333334
1 0.3203125 0.8979166666666667 0.16250000000000003 0.2
1 0.15468750000000003 0.846875 0.16250000000000003 0.20208333333333334
1 0.2109375 0.7697916666666667 0.16250000000000003 0.20208333333333334
1 0.6000000000000001 0.4197916666666667 0.16250000000000003 0.20208333333333334
1 0.71015625 0.5802083333333333 0.18593750000000003 0.21041666666666667
1 0.89921875 0.9114583333333334 0.17343750000000002 0.17291666666666666
1 0.93359375 0.753125 0.1296875 0.17708333333333334
1 0.9000000000000001 0.6208333333333333 0.16875 0.18333333333333332
1 0.8843750000000001 0.48750000000000004 0.16875 0.18333333333333332
1 0.9164062500000001 0.24895833333333336 0.1640625 0.25625000000000003
1 0.8171875 0.07500000000000001 0.21875 0.14583333333333334
0 0.42109375000000004 0.840625 0.08906250000000002 0.09375
0 0.20156250000000003 0.5583333333333333 0.059375 0.0875
0 0.565625 0.26875 0.059375 0.0875
0 0.66875 0.22708333333333333 0.059375 0.0875
1 0.5515625000000001 0.540625 0.16250000000000003 0.20208333333333334
1 0.47343750000000007 0.6510416666666666 0.16250000000000003 0.20208333333333334
1 0.13125 0.103125 0.17812500000000003 0.20208333333333334
1 0.07187500000000001 0.234375 0.140625 0.19791666666666669
1 0.16015625 0.22812500000000002 0.1421875 0.19791666666666669
1 0.07421875 0.6416666666666667 0.1453125 0.25833333333333336
1 0.703125 0.48125000000000007 0.134375 0.15833333333333335