1 0.6664062500000001 0.13333333333333333 0.1640625 0.2
1 0.8304687500000001 0.14583333333333334 0.1640625 0.2
1 0.6773437500000001 0.4 0.1640625 0.2
1 0.42265625000000007 0.8031250000000001 0.1765625 0.21875
1 0.31015625 0.6000000000000001 0.18593750000000003 0.25416666666666665
1 0.28828125 0.22500000000000003 0.1484375 0.20833333333333334
1 0.7789062500000001 0.8375000000000001 0.18593750000000003 0.25416666666666665
1 0.684375 0.9291666666666667 0.159375 0.1375
1 0.88984375 0.5416666666666667 0.18593750000000003 0.16666666666666669
1 0.11171875 0.18854166666666666 0.1828125 0.26458333333333334
1 0.42656250000000007 0.08645833333333333 0.140625 0.16875
1 0.32343750000000004 0.765625 0.184375 0.18958333333333335
1 0.609375 0.7864583333333334 0.16875 0.23541666666666666
2 0.446875 0.39583333333333337 0.31875 0.4375