1 0.5710937500000001 0.6291666666666667 0.1828125 0.22916666666666669
1 0.7281250000000001 0.21041666666666667 0.203125 0.2375
1 0.34453125000000007 0.22604166666666667 0.1828125 0.23958333333333334
1 0.17734375000000002 0.31875 0.1796875 0.25
1 0.16875 0.525 0.190625 0.25416666666666665
1 0.284375 0.7760416666666667 0.19687500000000002 0.19375000000000003
1 0.45000000000000007 0.4375 0.1875 0.2375
1 0.34062500000000007 0.5739583333333333 0.20625 0.21041666666666667
1 0.76171875 0.4572916666666667 0.1609375 0.20625
1 0.56015625 0.07708333333333334 0.1953125 0.15000000000000002
1 0.83671875 0.44479166666666664 0.1390625 0.26458333333333334
2 0.55390625 0.8697916666666667 0.3609375 0.25625000000000003