1 0.1421875 0.628125 0.153125 0.24791666666666667
1 0.1609375 0.24062500000000003 0.153125 0.24791666666666667
1 0.3046875 0.6760416666666667 0.153125 0.24791666666666667
1 0.78828125 0.7697916666666667 0.17343750000000002 0.24375000000000002
1 0.39375000000000004 0.41145833333333337 0.16250000000000003 0.23125
1 0.4046875 0.21458333333333332 0.16875 0.18333333333333332
1 0.9039062500000001 0.5927083333333333 0.15468750000000003 0.19375000000000003
1 0.43281250000000004 0.8916666666666667 0.17812500000000003 0.21250000000000002
1 0.28515625 0.909375 0.15468750000000003 0.17708333333333334
1 0.61328125 0.36770833333333336 0.1984375 0.19791666666666669
1 0.5398437500000001 0.08854166666666667 0.17031250000000003 0.17291666666666666
2 0.56484375 0.6520833333333333 0.3609375 0.42500000000000004
0 0.90625 0.734375 0.05 0.08125000000000002