1 0.7875000000000001 0.27395833333333336 0.159375 0.21041666666666667
1 0.83984375 0.49791666666666673 0.1921875 0.2833333333333333
1 0.62578125 0.55 0.17031250000000003 0.21666666666666667
1 0.11796875000000001 0.33333333333333337 0.1609375 0.19583333333333333
1 0.353125 0.16875 0.19687500000000002 0.20833333333333334
1 0.20156250000000003 0.7135416666666667 0.14375000000000002 0.16458333333333333
1 0.56015625 0.24791666666666667 0.17031250000000003 0.22916666666666669
1 0.16640625000000003 0.22708333333333333 0.1453125 0.2
1 0.34296875000000004 0.7572916666666667 0.1421875 0.17708333333333334
1 0.37734375 0.4260416666666667 0.15781250000000002 0.16875
1 0.21953125 0.47604166666666664 0.15468750000000003 0.19791666666666669
1 0.3375 0.5 0.146875 0.15833333333333335
1 0.7875000000000001 0.7020833333333333 0 0
2 0.58828125 0.8395833333333333 0.4140625 0.3166666666666667