1 0.1265625 0.6958333333333334 0.16562500000000002 0.2
1 0.20546875000000003 0.5177083333333333 0.15468750000000003 0.19791666666666669
1 0.17109375 0.08958333333333333 0.15468750000000003 0.175
1 0.36406250000000007 0.11458333333333334 0.16562500000000002 0.21666666666666667
1 0.6125 0.08958333333333333 0.19687500000000002 0.175
1 0.55390625 0.31145833333333334 0.15781250000000002 0.21875
1 0.7164062500000001 0.37604166666666666 0.15781250000000002 0.21875
1 0.8203125 0.640625 0.17812500000000003 0.17291666666666666
1 0.3359375 0.8885416666666667 0.17812500000000003 0.21875
1 0.8812500000000001 0.275 0.17812500000000003 0.22083333333333335
1 0.8218750000000001 0.17083333333333334 0.17812500000000003 0.22083333333333335
1 0.91015625 0.48020833333333335 0.1765625 0.17291666666666666
1 0.38203125000000004 0.5354166666666667 0.15781250000000002 0.22083333333333335
1 0.29531250000000003 0.35 0.175 0.24583333333333332
2 0.5320312500000001 0.76875 0.3609375 0.45833333333333337