1 0.81953125 0.17708333333333334 0.17343750000000002 0.1875
1 0.6742187500000001 0.21770833333333334 0.1765625 0.20625
1 0.5554687500000001 0.5677083333333334 0.1765625 0.20625
1 0.82421875 0.5906250000000001 0.15781250000000002 0.18541666666666667
1 0.9281250000000001 0.4354166666666667 0.140625 0.24583333333333332
1 0.721875 0.46458333333333335 0.17812500000000003 0.24166666666666667
1 0.15546875 0.8322916666666667 0.1765625 0.20625
1 0.21640625000000002 0.10104166666666667 0.1671875 0.19791666666666669
1 0.48515625000000007 0.8447916666666667 0.1921875 0.22291666666666668
1 0.753125 0.8416666666666667 0.19375000000000003 0.26666666666666666
2 0.29453125 0.36041666666666666 0.3609375 0.45833333333333337
0 0.55234375 0.31562500000000004 0.0546875 0.06458333333333334