1 0.3515625 0.5958333333333333 0.184375 0.20833333333333334
1 0.14453125 0.5281250000000001 0.18906250000000002 0.24791666666666667
1 0.28984375 0.8145833333333333 0.15781250000000002 0.21250000000000002
1 0.15859375000000003 0.7395833333333334 0.15781250000000002 0.21250000000000002
1 0.9351562500000001 0.428125 0.1265625 0.20208333333333334
1 0.7710937500000001 0.3104166666666667 0.1484375 0.19583333333333333
1 0.48828125 0.115625 0.1796875 0.22708333333333333
1 0.20937500000000003 0.21145833333333333 0.190625 0.24375000000000002
1 0.29765625 0.39583333333333337 0.1265625 0.16666666666666669
1 0.9375 0.8979166666666667 0.12187500000000001 0.2
2 0.79765625 0.6500000000000001 0.2984375 0.36666666666666664