1 0.46015625000000004 0.5697916666666667 0.1640625 0.21458333333333332
1 0.796875 0.1875 0.14375000000000002 0.19583333333333333
1 0.9078125000000001 0.49375 0.15625 0.21250000000000002
1 0.11484375 0.2947916666666667 0.15781250000000002 0.22291666666666668
1 0.66796875 0.5989583333333334 0.15781250000000002 0.22291666666666668
1 0.17109375 0.5197916666666667 0.15781250000000002 0.22291666666666668
1 0.5328125 0.09062500000000001 0.16250000000000003 0.17708333333333334
1 0.31875 0.6604166666666667 0.16250000000000003 0.17916666666666667
1 0.58515625 0.9020833333333333 0.17031250000000003 0.19166666666666668
1 0.4 0.9281250000000001 0.20625 0.13958333333333334
1 0.1828125 0.8791666666666667 0.16562500000000002 0.2375
2 0.33671875000000007 0.2791666666666667 0.33906250000000004 0.4166666666666667
2 0.5984375000000001 0.36250000000000004 0.24062500000000003 0.30000000000000004
0 0.96953125 0.8354166666666667 0.0515625 0.06666666666666667