1 0.5765625 0.76875 0.171875 0.22083333333333335
1 0.7632812500000001 0.7239583333333334 0.1984375 0.23125
1 0.7390625 0.9156250000000001 0.20625 0.16458333333333333
1 0.55234375 0.47604166666666664 0.20156250000000003 0.22708333333333333
1 0.31796875 0.23854166666666668 0.20156250000000003 0.22708333333333333
1 0.490625 0.20625 0.153125 0.20833333333333334
1 0.6117187500000001 0.2791666666666667 0.15781250000000002 0.19166666666666668
1 0.9234375000000001 0.109375 0.15000000000000002 0.21458333333333332
1 0.9234375000000001 0.3541666666666667 0.15000000000000002 0.21666666666666667
1 0.7945312500000001 0.49583333333333335 0.17343750000000002 0.24583333333333332
1 0.34765625 0.9010416666666667 0.17343750000000002 0.19375000000000003
1 0.23125 0.7593750000000001 0.175 0.23125
1 0.221875 0.5364583333333334 0.175 0.23125
2 0.38984375000000004 0.6395833333333333 0.18593750000000003 0.2625
0 0.02109375 0.10208333333333333 0.0390625 0.0875