1 0.30937500000000007 0.7322916666666667 0.140625 0.17708333333333334
1 0.27734375 0.9166666666666667 0.1453125 0.16250000000000003
1 0.67265625 0.48020833333333335 0.1671875 0.22708333333333333
1 0.82890625 0.6625000000000001 0.1390625 0.18333333333333332
1 0.7421875 0.078125 0.12812500000000002 0.15208333333333332
1 0.8382812500000001 0.21770833333333334 0.17343750000000002 0.20625
1 0.2140625 0.3375 0.146875 0.18333333333333332
1 0.50625 0.38229166666666664 0.15625 0.19375000000000003
1 0.8828125 0.053125000000000006 0.15625 0.10208333333333333
1 0.9375 0.37812500000000004 0.12187500000000001 0.20625
1 0.9593750000000001 0.7208333333333333 0.078125 0.175
1 0.91015625 0.9072916666666667 0.17343750000000002 0.18125000000000002
1 0.52265625 0.1375 0.1984375 0.2
2 0.47109375 0.8447916666666667 0.2109375 0.30625
0 0.47343750000000007 0.6614583333333334 0.065625 0.08958333333333333