1 0.296875 0.8385416666666667 0.16562500000000002 0.21041666666666667
1 0.41875000000000007 0.5677083333333334 0.159375 0.24375000000000002
1 0.5164062500000001 0.321875 0.15781250000000002 0.20625
1 0.7054687500000001 0.26875 0.17031250000000003 0.19583333333333333
1 0.8492187500000001 0.12083333333333333 0.18593750000000003 0.23333333333333334
1 0.9195312500000001 0.815625 0.15781250000000002 0.21458333333333332
1 0.17734375000000002 0.640625 0.20468750000000002 0.26458333333333334
1 0.09140625 0.49375 0.1796875 0.24583333333333332
1 0.7109375 0.8125 0.17812500000000003 0.22916666666666669
1 0.553125 0.15833333333333335 0.17812500000000003 0.22916666666666669
1 0.07187500000000001 0.7760416666666667 0.140625 0.22708333333333333
2 0.80078125 0.5541666666666667 0.3140625 0.37083333333333335
0 0.17109375 0.8229166666666667 0.0734375 0.08333333333333334