2 0.30390625000000004 0.5895833333333333 0.2703125 0.37083333333333335
0 0.18515625000000002 0.7177083333333333 0.060937500000000006 0.06458333333333334
0 0.26328125 0.03229166666666667 0.060937500000000006 0.06041666666666667
0 0.6460937500000001 0.446875 0.060937500000000006 0.06458333333333334
1 0.11484375 0.4354166666666667 0.1765625 0.19166666666666668
1 0.08906250000000002 0.50625 0.175 0.19166666666666668
1 0.5320312500000001 0.39166666666666666 0.1609375 0.19166666666666668
1 0.6117187500000001 0.26458333333333334 0.1609375 0.19166666666666668
1 0.52109375 0.15416666666666667 0.1828125 0.21666666666666667
1 0.796875 0.23125 0.215625 0.21666666666666667
1 0.8203125 0.42291666666666666 0.16875 0.25
1 0.934375 0.8729166666666667 0.12812500000000002 0.25
1 0.7375 0.8885416666666667 0.20625 0.21875
1 0.5164062500000001 0.9041666666666667 0.1828125 0.1875
1 0.671875 0.6229166666666667 0.16250000000000003 0.20833333333333334
1 0.08984375 0.16562500000000002 0.1328125 0.28125