1 0.09765625 0.35520833333333335 0.17031250000000003 0.21458333333333332
1 0.5164062500000001 0.10833333333333334 0.17031250000000003 0.21250000000000002
1 0.72578125 0.2 0.1765625 0.23333333333333334
1 0.92890625 0.5666666666666667 0.1390625 0.22500000000000003
1 0.76640625 0.5895833333333333 0.15468750000000003 0.20416666666666666
1 0.4921875 0.44479166666666664 0.16875 0.21875
1 0.49609375 0.6229166666666667 0.1671875 0.25416666666666665
1 0.40937500000000004 0.7572916666666667 0.184375 0.18958333333333335
1 0.5398437500000001 0.8895833333333333 0.18593750000000003 0.21666666666666667
1 0.28203125 0.4729166666666667 0.21718750000000003 0.28750000000000003
1 0.8203125 0.38125 0.21250000000000002 0.24583333333333332
1 0.41796875 0.2677083333333333 0.17031250000000003 0.21458333333333332
2 0.7757812500000001 0.8541666666666667 0.3359375 0.28750000000000003