1 0.415625 0.79375 0.171875 0.15000000000000002
1 0.6875 0.38020833333333337 0.171875 0.23958333333333334
1 0.475 0.353125 0.171875 0.23958333333333334
1 0.85234375 0.45208333333333334 0.1828125 0.24166666666666667
1 0.40859375 0.10833333333333334 0.1796875 0.21250000000000002
1 0.17031250000000003 0.6968750000000001 0.13125 0.20208333333333334
1 0.81328125 0.91875 0.1421875 0.15833333333333335
1 0.5734375 0.91875 0.184375 0.15833333333333335
1 0.12109375 0.2375 0.1609375 0.22916666666666669
1 0.06328125 0.17291666666666666 0.1234375 0.2625
2 0.59140625 0.6354166666666666 0.2265625 0.28750000000000003
0 0.49765625 0.48958333333333337 0.045312500000000006 0.07500000000000001