1 0.7265625 0.49270833333333336 0.1875 0.18958333333333335
1 0.534375 0.6552083333333333 0.1875 0.18958333333333335
1 0.275 0.8572916666666667 0.1875 0.18958333333333335
1 0.13593750000000002 0.6802083333333334 0.1875 0.18958333333333335
1 0.1671875 0.29270833333333335 0.1875 0.18958333333333335
1 0.32500000000000007 0.16458333333333333 0.15000000000000002 0.17916666666666667
1 0.7265625 0.19791666666666669 0.175 0.19166666666666668
1 0.44375 0.7625 0.175 0.22500000000000003
1 0.2578125 0.48333333333333334 0.175 0.22500000000000003
1 0.53515625 0.22395833333333334 0.15468750000000003 0.21875
1 0.15156250000000002 0.08645833333333333 0.15000000000000002 0.16875
1 0.88359375 0.9322916666666667 0.1671875 0.13125
2 0.41953125 0.490625 0.18593750000000003 0.2604166666666667