1 0.46796875000000004 0.32083333333333336 0.1828125 0.24583333333333332
1 0.69609375 0.7395833333333334 0.1828125 0.24583333333333332
1 0.8492187500000001 0.8145833333333333 0.1828125 0.24583333333333332
1 0.91015625 0.36770833333333336 0.1765625 0.20625
1 0.9328125 0.5927083333333333 0.13125 0.24791666666666667
1 0.7679687500000001 0.521875 0.1640625 0.20208333333333334
1 0.71796875 0.28645833333333337 0.1640625 0.20208333333333334
1 0.7601562500000001 0.10520833333333333 0.1640625 0.20208333333333334
1 0.24921875 0.159375 0.1640625 0.20208333333333334
2 0.459375 0.7927083333333333 0.34062500000000007 0.4104166666666667
2 0.16953125000000002 0.5229166666666667 0.3359375 0.525