2 0.28359375000000003 0.684375 0.2828125 0.30625
0 0.75 0.21041666666666667 0.05625000000000001 0.07500000000000001
0 0.71171875 0.084375 0.08281250000000001 0.10208333333333333
0 0.2859375 0.9354166666666667 0.05625000000000001 0.07500000000000001
1 0.8960937500000001 0.6656250000000001 0.18593750000000003 0.21875
1 0.41953125 0.4239583333333333 0.18593750000000003 0.21875
1 0.47890625 0.3572916666666667 0.18593750000000003 0.21875
1 0.57734375 0.390625 0.18593750000000003 0.21875
1 0.64921875 0.38020833333333337 0.18593750000000003 0.21875
1 0.7164062500000001 0.428125 0.18593750000000003 0.21875
1 0.7757812500000001 0.44479166666666664 0.18593750000000003 0.21875
1 0.88359375 0.3947916666666667 0.18593750000000003 0.21875
1 0.26953125 0.11041666666666668 0.18593750000000003 0.21666666666666667
1 0.43203125 0.11041666666666668 0.18593750000000003 0.21666666666666667
1 0.54921875 0.16562500000000002 0.18593750000000003 0.21875
1 0.07890625000000001 0.5145833333333333 0.15468750000000003 0.27083333333333337
1 0.653125 0.9135416666666667 0.1875 0.16875