1 0.68359375 0.6677083333333333 0.1765625 0.19375000000000003
1 0.77265625 0.4479166666666667 0.18593750000000003 0.24583333333333332
1 0.6265625000000001 0.3125 0.16875 0.22500000000000003
1 0.521875 0.40937500000000004 0.16250000000000003 0.19375000000000003
1 0.6171875 0.09791666666666667 0.16250000000000003 0.19166666666666668
1 0.64140625 0.89375 0.17343750000000002 0.20833333333333334
1 0.4296875 0.9229166666666667 0.171875 0.15000000000000002
1 0.7875000000000001 0.11250000000000002 0.175 0.22083333333333335
1 0.9265625 0.8083333333333333 0.14375000000000002 0.22500000000000003
1 0.34296875000000004 0.24375000000000002 0.1453125 0.22500000000000003
1 0.15703125 0.26458333333333334 0.1453125 0.22500000000000003
1 0.08828125 0.375 0.1453125 0.22500000000000003
2 0.22109375000000003 0.65625 0.35468750000000004 0.38333333333333336