1 0.50390625 0.109375 0.17031250000000003 0.19791666666666669
1 0.83203125 0.30520833333333336 0.17031250000000003 0.19791666666666669
1 0.26640625 0.9000000000000001 0.17031250000000003 0.19583333333333333
1 0.584375 0.35625000000000007 0.203125 0.22916666666666669
1 0.68046875 0.21875 0.1671875 0.18333333333333332
1 0.64140625 0.09270833333333334 0.1765625 0.18125000000000002
1 0.36015625000000007 0.25729166666666664 0.17031250000000003 0.19791666666666669
1 0.33671875000000007 0.38125 0.1609375 0.23333333333333334
1 0.765625 0.734375 0.184375 0.23958333333333334
1 0.73359375 0.9260416666666667 0.17031250000000003 0.14375000000000002
1 0.56796875 0.91875 0.1984375 0.15833333333333335
1 0.9429687500000001 0.4552083333333333 0.1109375 0.21041666666666667
1 0.13359375 0.8062500000000001 0.1421875 0.19583333333333333
1 0.17734375000000002 0.45416666666666666 0.1609375 0.2791666666666667
0 0.43437500000000007 0.8625 0.053125000000000006 0.08333333333333334
2 0.54296875 0.6333333333333334 0.3265625 0.4