1 0.09609375 0.42083333333333334 0.1421875 0.20833333333333334
1 0.10703125 0.6500000000000001 0.15781250000000002 0.21250000000000002
1 0.13828125 0.8833333333333334 0.15156250000000002 0.22916666666666669
1 0.41171875 0.25104166666666666 0.18906250000000002 0.21041666666666667
1 0.23046875 0.34062500000000007 0.18906250000000002 0.21041666666666667
1 0.26953125 0.10625000000000001 0.18906250000000002 0.20833333333333334
1 0.62578125 0.20937500000000003 0.18906250000000002 0.21041666666666667
1 0.76171875 0.5520833333333334 0.18906250000000002 0.21250000000000002
1 0.75703125 0.7604166666666667 0.18906250000000002 0.21250000000000002
1 0.91328125 0.8958333333333334 0.17031250000000003 0.20416666666666666
1 0.8109375000000001 0.33958333333333335 0.2 0.25833333333333336
0 0.21015625 0.5458333333333333 0.060937500000000006 0.07083333333333333
2 0.45390625000000007 0.7520833333333333 0.3421875 0.44583333333333336