1 0.14765625000000002 0.44375 0.13593750000000002 0.22500000000000003
1 0.4234375 0.6833333333333333 0.190625 0.22500000000000003
1 0.875 0.49375 0.140625 0.21250000000000002
1 0.74296875 0.44375 0.1640625 0.21666666666666667
1 0.65546875 0.8916666666666667 0.18906250000000002 0.21250000000000002
1 0.49375 0.925 0.19375000000000003 0.14583333333333334
1 0.29921875000000003 0.925 0.1421875 0.14583333333333334
1 0.16953125000000002 0.940625 0.1234375 0.11458333333333334
1 0.25390625 0.27187500000000003 0.1484375 0.17291666666666666
1 0.4125 0.0875 0.171875 0.17083333333333334
1 0.23828125 0.07395833333333333 0.1609375 0.14375000000000002
1 0.6351562500000001 0.07395833333333333 0.1609375 0.14375000000000002
1 0.8421875000000001 0.8458333333333333 0.12812500000000002 0.20416666666666666
1 0.6734375000000001 0.6916666666666667 0.146875 0.19166666666666668
1 0.82421875 0.2760416666666667 0.1609375 0.20208333333333334
2 0.46875 0.3614583333333333 0.28125 0.39375000000000004
0 0.0953125 0.6427083333333333 0.109375 0.13125