1 0.1 0.5281250000000001 0.175 0.18541666666666667
1 0.29765625 0.7510416666666667 0.1671875 0.22291666666666668
1 0.153125 0.7 0.13125 0.2916666666666667
1 0.6343750000000001 0.64375 0.184375 0.21666666666666667
1 0.48671875 0.7697916666666667 0.17031250000000003 0.17291666666666666
1 0.45000000000000007 0.509375 0.1375 0.28541666666666665
1 0.57265625 0.44895833333333335 0.1671875 0.22291666666666668
1 0.89765625 0.6447916666666667 0.1828125 0.22291666666666668
1 0.90234375 0.32395833333333335 0.1828125 0.22291666666666668
1 0.47421875 0.9229166666666667 0.18593750000000003 0.15000000000000002
1 0.30000000000000004 0.5208333333333334 0.19375000000000003 0.17916666666666667
1 0.17421875000000003 0.253125 0.1921875 0.21875
1 0.7046875000000001 0.534375 0.1375 0.17291666666666666
1 0.8125 0.06979166666666667 0.1375 0.13541666666666669
1 0.6421875000000001 0.8677083333333334 0.15000000000000002 0.2604166666666667
0 0.79765625 0.17083333333333334 0.0765625 0.08333333333333334
2 0.47343750000000007 0.19479166666666667 0.34375 0.3854166666666667