1 0.1796875 0.22812500000000002 0.15625 0.28125
1 0.67265625 0.0875 0.1796875 0.17083333333333334
1 0.44765625 0.11458333333333334 0.18593750000000003 0.21666666666666667
1 0.8539062500000001 0.375 0.18593750000000003 0.21666666666666667
1 0.36640625000000004 0.7083333333333334 0.18593750000000003 0.21666666666666667
1 0.2390625 0.9020833333333333 0.184375 0.19166666666666668
1 0.5710937500000001 0.8500000000000001 0.17031250000000003 0.2375
1 0.159375 0.659375 0.16562500000000002 0.18125000000000002
1 0.3421875 0.27291666666666664 0.16875 0.22500000000000003
1 0.2765625 0.48020833333333335 0.221875 0.2604166666666667
1 0.81328125 0.9125000000000001 0.17031250000000003 0.17083333333333334
1 0.934375 0.5302083333333333 0.12812500000000002 0.21875
2 0.56171875 0.5145833333333333 0.33281250000000007 0.43333333333333335
0 0.1390625 0.07083333333333333 0.059375 0.07916666666666668