1 0.18593750000000003 0.640625 0.171875 0.18125000000000002
1 0.6898437500000001 0.3166666666666667 0.17031250000000003 0.25
1 0.9007812500000001 0.5583333333333333 0.17031250000000003 0.25
1 0.07265625 0.21250000000000002 0.1421875 0.25
1 0.21015625 0.2604166666666667 0.1828125 0.24166666666666667
1 0.18046875 0.4083333333333333 0.1828125 0.24166666666666667
1 0.08203125 0.8333333333333334 0.1609375 0.22500000000000003
1 0.56875 0.09166666666666666 0.171875 0.17916666666666667
0 0.06953125 0.51875 0.0796875 0.09583333333333334
0 0.32343750000000004 0.48541666666666666 0.078125 0.08333333333333334
0 0.08125000000000002 0.030208333333333334 0.065625 0.05625000000000001
2 0.5906250000000001 0.7250000000000001 0.478125 0.5458333333333333