1 0.42109375000000004 0.37604166666666666 0.1984375 0.23125
1 0.21328125000000003 0.5208333333333334 0.15468750000000003 0.20416666666666666
1 0.078125 0.10104166666666667 0.15000000000000002 0.19791666666666669
1 0.1453125 0.30520833333333336 0.19375000000000003 0.20208333333333334
1 0.51875 0.6270833333333333 0.15000000000000002 0.17916666666666667
1 0.475 0.7541666666666667 0.16250000000000003 0.23333333333333334
1 0.4515625 0.8687500000000001 0.16250000000000003 0.23333333333333334
1 0.7015625000000001 0.5593750000000001 0.184375 0.17708333333333334
1 0.8492187500000001 0.9239583333333333 0.1765625 0.14791666666666667
1 0.78046875 0.7510416666666667 0.22031250000000002 0.24791666666666667
1 0.61328125 0.8864583333333333 0.1640625 0.22291666666666668
1 0.8953125 0.103125 0.1875 0.20208333333333334
1 0.30859375 0.8197916666666667 0.1609375 0.21875
1 0.56015625 0.13229166666666667 0.1609375 0.21875
1 0.13046875 0.6760416666666667 0.1609375 0.21875
0 0.42734375 0.146875 0.06406250000000001 0.09791666666666667
0 0.02734375 0.20625 0.0515625 0.1
2 0.72578125 0.30833333333333335 0.3109375 0.35