1 0.1984375 0.6177083333333334 0.15625 0.19375000000000003
1 0.35390625 0.7166666666666667 0.13593750000000002 0.19583333333333333
1 0.48046875 0.7229166666666667 0.15156250000000002 0.22083333333333335
1 0.76171875 0.7125000000000001 0.1671875 0.20833333333333334
1 0.8968750000000001 0.6895833333333333 0.16875 0.24166666666666667
1 0.14453125 0.8916666666666667 0.15781250000000002 0.1875
1 0.24375000000000002 0.36041666666666666 0.171875 0.25
1 0.08203125 0.32708333333333334 0.15781250000000002 0.1875
1 0.60078125 0.5208333333333334 0.1609375 0.21250000000000002
1 0.75 0.4239583333333333 0.159375 0.18125000000000002
1 0.9140625 0.16770833333333332 0.159375 0.18125000000000002
1 0.14609375 0.12812500000000002 0.17343750000000002 0.21041666666666667
0 0.6234375000000001 0.9322916666666667 0.06875 0.09375
2 0.49296875000000007 0.175 0.3265625 0.3458333333333333
0 0.11250000000000002 0.036458333333333336 0.0625 0.06875