1 0.2 0.7718750000000001 0.16250000000000003 0.21458333333333332
1 0.29921875000000003 0.6541666666666667 0.17031250000000003 0.22916666666666669
1 0.46171875000000007 0.7322916666666667 0.1828125 0.22708333333333333
1 0.46015625000000004 0.8979166666666667 0.1828125 0.2
1 0.65703125 0.8260416666666667 0.18593750000000003 0.23125
1 0.80390625 0.4864583333333333 0.18593750000000003 0.23125
1 0.61484375 0.5864583333333333 0.1984375 0.24791666666666667
1 0.12578125 0.4864583333333333 0.17343750000000002 0.21458333333333332
1 0.15468750000000003 0.27187500000000003 0.175 0.20625
1 0.1953125 0.08645833333333333 0.16875 0.16875
1 0.7203125000000001 0.2947916666666667 0.14375000000000002 0.18958333333333335
1 0.8171875 0.2760416666666667 0.14375000000000002 0.18958333333333335
1 0.9273437500000001 0.09583333333333334 0.1421875 0.1875
1 0.78046875 0.09166666666666666 0.1453125 0.17916666666666667
1 0.9156250000000001 0.7989583333333333 0.16562500000000002 0.23541666666666666
1 0.7710937500000001 0.7250000000000001 0.1984375 0.25
2 0.42421875 0.215625 0.40156250000000004 0.3854166666666667