1 0.7562500000000001 0.14895833333333333 0.146875 0.17708333333333334
1 0.51796875 0.221875 0.1640625 0.20208333333333334
1 0.2890625 0.28645833333333337 0.16250000000000003 0.17291666666666666
1 0.09765625 0.26979166666666665 0.1234375 0.2604166666666667
1 0.85234375 0.4395833333333333 0.1796875 0.26666666666666666
1 0.53671875 0.43020833333333336 0.1640625 0.20208333333333334
1 0.42500000000000004 0.43854166666666666 0.14375000000000002 0.20208333333333334
1 0.50546875 0.7677083333333333 0.1640625 0.20208333333333334
1 0.58828125 0.6416666666666667 0.1796875 0.20833333333333334
1 0.69140625 0.5479166666666667 0.1796875 0.20833333333333334
1 0.8726562500000001 0.73125 0.1796875 0.20833333333333334
1 0.25859375 0.4572916666666667 0.15156250000000002 0.18958333333333335
1 0.18984375000000003 0.478125 0.15156250000000002 0.18958333333333335
1 0.25546875 0.6677083333333333 0.1828125 0.19791666666666669
1 0.38359375000000007 0.8656250000000001 0.1828125 0.19791666666666669
1 0.3609375 0.10104166666666667 0.22500000000000003 0.19791666666666669
1 0.7250000000000001 0.7427083333333334 0.146875 0.17708333333333334
1 0.7046875000000001 0.8489583333333334 0.146875 0.17708333333333334
2 0.18828125 0.8989583333333334 0.30781250000000004 0.19791666666666669