1 0.5906250000000001 0.321875 0.146875 0.18541666666666667
1 0.41953125 0.7822916666666667 0.1765625 0.23958333333333334
1 0.3125 0.24062500000000003 0.19375000000000003 0.25625000000000003
1 0.21953125 0.10729166666666666 0.1234375 0.14791666666666667
1 0.5125000000000001 0.14166666666666666 0.16250000000000003 0.22500000000000003
1 0.7640625000000001 0.296875 0.140625 0.19375000000000003
1 0.9140625 0.7541666666666667 0.16875 0.22083333333333335
1 0.9359375000000001 0.5447916666666667 0.125 0.20625
1 0.79609375 0.5739583333333333 0.1453125 0.19791666666666669
1 0.9203125000000001 0.321875 0.15625 0.19791666666666669
1 0.8046875 0.9385416666666667 0.15625 0.11875
1 0.7750000000000001 0.7625 0.159375 0.20416666666666666
1 0.078125 0.44895833333333335 0.153125 0.23958333333333334
1 0.5328125 0.42916666666666664 0.159375 0.21666666666666667
2 0.20234375 0.6062500000000001 0.3515625 0.44583333333333336
0 0.41484375000000007 0.290625 0.06406250000000001 0.07708333333333334