1 0.29453125 0.3145833333333333 0.1484375 0.21666666666666667
1 0.20703125 0.10833333333333334 0.15156250000000002 0.20416666666666666
1 0.46562500000000007 0.09791666666666667 0.146875 0.19166666666666668
1 0.65625 0.11979166666666667 0.146875 0.19375000000000003
1 0.92578125 0.3166666666666667 0.1296875 0.175
1 0.90703125 0.7510416666666667 0.1640625 0.19791666666666669
1 0.38046875 0.684375 0.1640625 0.19791666666666669
1 0.16796875 0.8739583333333333 0.1640625 0.19791666666666669
1 0.61328125 0.36770833333333336 0.1953125 0.20208333333333334
1 0.390625 0.8125 0.15625 0.17916666666666667
1 0.2828125 0.5333333333333333 0.1875 0.26666666666666666
2 0.59296875 0.6583333333333333 0.29531250000000003 0.3791666666666667