1 0.39296875 0.8010416666666667 0.1609375 0.20208333333333334
1 0.06796875000000001 0.8729166666666667 0.1328125 0.20416666666666666
1 0.540625 0.31875 0.234375 0.16666666666666669
1 0.35859375000000004 0.6020833333333333 0.1953125 0.16666666666666669
1 0.46562500000000007 0.14270833333333333 0.1875 0.18541666666666667
1 0.1828125 0.12083333333333333 0.16250000000000003 0.21250000000000002
1 0.5578125 0.6333333333333334 0.16562500000000002 0.22083333333333335
1 0.7078125 0.5625 0.18125000000000002 0.20833333333333334
1 0.74609375 0.7406250000000001 0.18906250000000002 0.21458333333333332
1 0.90234375 0.3302083333333333 0.17343750000000002 0.23125
1 0.89140625 0.5010416666666667 0.1421875 0.23125
1 0.5921875 0.925 0.15625 0.14583333333333334
0 0.8375000000000001 0.8864583333333333 0.07187500000000001 0.08541666666666667
0 0.9765625 0.6541666666666667 0.04375 0.0625
2 0.13203125000000002 0.396875 0.2609375 0.4104166666666667
0 0.034375 0.05729166666666667 0.05625000000000001 0.06041666666666667