1 0.27109375 0.18229166666666669 0.17343750000000002 0.26458333333333334
1 0.72578125 0.4166666666666667 0.1453125 0.20833333333333334
1 0.55625 0.08333333333333334 0.16562500000000002 0.16250000000000003
1 0.5281250000000001 0.38958333333333334 0.16875 0.22083333333333335
1 0.1421875 0.48541666666666666 0.16875 0.19166666666666668
1 0.31328125000000007 0.5864583333333333 0.17343750000000002 0.16041666666666668
1 0.321875 0.38229166666666664 0.15625 0.18958333333333335
1 0.8578125000000001 0.5947916666666667 0.153125 0.23541666666666666
1 0.07734375000000002 0.2635416666666667 0.15156250000000002 0.23541666666666666
1 0.61640625 0.17916666666666667 0.1953125 0.2375
1 0.58203125 0.9229166666666667 0.20468750000000002 0.15000000000000002
2 0.603125 0.6625000000000001 0.31562500000000004 0.42083333333333334