1 0.12109375 0.30833333333333335 0.1671875 0.22500000000000003
1 0.7242187500000001 0.6343750000000001 0.1921875 0.22291666666666668
1 0.73828125 0.8875 0.1921875 0.22083333333333335
1 0.91796875 0.11145833333333334 0.15468750000000003 0.21875
1 0.6062500000000001 0.4197916666666667 0.14375000000000002 0.19791666666666669
1 0.78984375 0.25520833333333337 0.1671875 0.20625
1 0.23828125 0.578125 0.1671875 0.20625
1 0.15000000000000002 0.6072916666666667 0.1875 0.21875
1 0.32500000000000007 0.24062500000000003 0.16250000000000003 0.21875
1 0.675 0.4322916666666667 0.1375 0.17708333333333334
2 0.2890625 0.8875 0.2625 0.22083333333333335
2 0.45625000000000004 0.7 0.35 0.5041666666666667