1 0.11875 0.31145833333333334 0.159375 0.24791666666666667
1 0.08906250000000002 0.103125 0.159375 0.20208333333333334
1 0.26640625 0.08125000000000002 0.1921875 0.15833333333333335
1 0.51796875 0.12916666666666668 0.1796875 0.23333333333333334
1 0.6585937500000001 0.48125000000000007 0.1796875 0.24166666666666667
1 0.21015625 0.6604166666666667 0.15156250000000002 0.21250000000000002
1 0.07578125000000001 0.76875 0.1484375 0.22916666666666669
1 0.3515625 0.8041666666666667 0.15000000000000002 0.22916666666666669
1 0.51796875 0.7416666666666667 0.15156250000000002 0.20833333333333334
1 0.7 0.721875 0.175 0.21041666666666667
1 0.8703125 0.8760416666666667 0.175 0.21041666666666667
1 0.6828125 0.234375 0.153125 0.21041666666666667
1 0.43515625 0.9281250000000001 0.1421875 0.13958333333333334
1 0.22812500000000002 0.9270833333333334 0.175 0.1375
2 0.36328125 0.375 0.37031250000000004 0.475
0 0.7906250000000001 0.4885416666666667 0.10625000000000001 0.13958333333333334
0 0.7703125 0.13229166666666667 0.07187500000000001 0.08541666666666667