1 0.5015625 0.23958333333333334 0.19375000000000003 0.21250000000000002
1 0.34921875 0.7166666666666667 0.17343750000000002 0.22500000000000003
1 0.50625 0.5072916666666667 0.14375000000000002 0.23125
1 0.7914062500000001 0.26979166666666665 0.1671875 0.21875
1 0.64453125 0.45000000000000007 0.1484375 0.22083333333333335
1 0.20234375 0.125 0.1484375 0.22083333333333335
1 0.057031250000000006 0.628125 0.1109375 0.26875
1 0.9164062500000001 0.4552083333333333 0.15781250000000002 0.24375000000000002
1 0.56875 0.7 0.134375 0.19583333333333333
1 0.159375 0.9166666666666667 0.175 0.16250000000000003
2 0.76484375 0.7875000000000001 0.3609375 0.42083333333333334