1 0.45625000000000004 0.15625 0.17812500000000003 0.21666666666666667
1 0.684375 0.40625 0.15625 0.2
1 0.84375 0.5791666666666667 0.18125000000000002 0.25
1 0.6515625 0.6645833333333334 0.18125000000000002 0.25
1 0.1421875 0.4322916666666667 0.17812500000000003 0.14791666666666667
1 0.51328125 0.8489583333333334 0.1421875 0.17708333333333334
1 0.52578125 0.7114583333333334 0.1421875 0.17708333333333334
1 0.11640625000000002 0.909375 0.1421875 0.17708333333333334
1 0.9007812500000001 0.7947916666666667 0.1421875 0.17708333333333334
2 0.07421875 0.5989583333333334 0.1453125 0.26458333333333334
0 0.0546875 0.2625 0.0625 0.07916666666666668
0 0.5875 0.28854166666666664 0.053125000000000006 0.07708333333333334
0 0.5296875 0.2677083333333333 0.053125000000000006 0.07708333333333334
0 0.62890625 0.22604166666666667 0.06406250000000001 0.08125000000000002