1 0.90546875 0.8520833333333334 0.17031250000000003 0.22083333333333335
1 0.7601562500000001 0.8166666666666667 0.17031250000000003 0.22083333333333335
1 0.27734375 0.8604166666666667 0.1453125 0.21666666666666667
1 0.57578125 0.7093750000000001 0.18593750000000003 0.2520833333333333
1 0.6539062500000001 0.534375 0.18593750000000003 0.2520833333333333
1 0.69609375 0.11875 0.17343750000000002 0.23333333333333334
1 0.81640625 0.5177083333333333 0.15468750000000003 0.20208333333333334
1 0.15703125 0.30937500000000007 0.1671875 0.23125
1 0.184375 0.7083333333333334 0.190625 0.20833333333333334
1 0.40390625 0.6802083333333334 0.1640625 0.19791666666666669
1 0.41953125 0.9000000000000001 0.1640625 0.19583333333333333
1 0.26015625000000003 0.16979166666666667 0.1640625 0.23125
1 0.37734375 0.09687500000000002 0.15468750000000003 0.18958333333333335
0 0.83515625 0.353125 0.0515625 0.09375
0 0.71015625 0.3458333333333333 0.0859375 0.10833333333333334
0 0.20703125 0.478125 0.06406250000000001 0.09375
0 0.2078125 0.39895833333333336 0.059375 0.07291666666666667
2 0.453125 0.3385416666666667 0.33125000000000004 0.40625