1 0.8359375 0.35520833333333335 0.190625 0.2520833333333333
1 0.7546875 0.6677083333333333 0.16875 0.25625000000000003
1 0.26171875 0.40208333333333335 0.1453125 0.21666666666666667
1 0.53359375 0.16041666666666668 0.1453125 0.21666666666666667
1 0.8148437500000001 0.10729166666666666 0.15781250000000002 0.21041666666666667
1 0.0796875 0.7 0.15625 0.21250000000000002
1 0.33359375 0.5979166666666667 0.15781250000000002 0.21250000000000002
1 0.24609375 0.7541666666666667 0.1765625 0.20416666666666666
1 0.42109375000000004 0.7708333333333334 0.1765625 0.20416666666666666
1 0.9234375000000001 0.7 0.15000000000000002 0.20833333333333334
1 0.6976562500000001 0.22708333333333333 0.15156250000000002 0.20833333333333334
1 0.2375 0.8833333333333334 0.14375000000000002 0.15416666666666667
1 0.10234375000000001 0.14583333333333334 0.1984375 0.20833333333333334
1 0.38750000000000007 0.34270833333333334 0.109375 0.27708333333333335
1 0.621875 0.8510416666666667 0.159375 0.21458333333333332
1 0.10468750000000002 0.46979166666666666 0.159375 0.21458333333333332
1 0.9203125000000001 0.9177083333333333 0.15625 0.16041666666666668
0 0.72578125 0.9427083333333334 0.0859375 0.11041666666666668
0 0.49921875000000004 0.8572916666666667 0.0546875 0.04791666666666667
2 0.55625 0.5135416666666667 0.37812500000000004 0.45208333333333334