1 0.7945312500000001 0.328125 0.1671875 0.21458333333333332
1 0.8492187500000001 0.6260416666666667 0.1671875 0.21458333333333332
1 0.9234375000000001 0.45208333333333334 0.15000000000000002 0.21666666666666667
1 0.9429687500000001 0.7822916666666667 0.1109375 0.21875
1 0.57578125 0.8708333333333333 0.1828125 0.22083333333333335
1 0.5593750000000001 0.21145833333333333 0.1875 0.23125
1 0.39375000000000004 0.171875 0.153125 0.24375000000000002
1 0.69140625 0.11250000000000002 0.15156250000000002 0.22083333333333335
1 0.060937500000000006 0.42916666666666664 0.11875 0.22083333333333335
1 0.053125000000000006 0.89375 0.103125 0.20833333333333334
1 0.07187500000000001 0.07916666666666668 0.140625 0.15416666666666667
1 0.23828125 0.09791666666666667 0.1796875 0.19166666666666668
1 0.14765625000000002 0.7572916666666667 0.1796875 0.19375000000000003
2 0.45781250000000007 0.5510416666666667 0.328125 0.43125
0 0.47109375 0.8854166666666667 0.045312500000000006 0.07916666666666668