2 0.375 0.41354166666666664 0.278125 0.33541666666666664
1 0.28359375000000003 0.7947916666666667 0.18906250000000002 0.24375000000000002
1 0.5796875 0.365625 0.146875 0.2520833333333333
1 0.7750000000000001 0.8031250000000001 0.14375000000000002 0.23541666666666666
1 0.7390625 0.8760416666666667 0.14375000000000002 0.23541666666666666
1 0.45000000000000007 0.8145833333333333 0.18125000000000002 0.24166666666666667
1 0.7789062500000001 0.26979166666666665 0.15781250000000002 0.16041666666666668
1 0.94453125 0.721875 0.1078125 0.23541666666666666
1 0.90625 0.253125 0.17812500000000003 0.21875
1 0.61328125 0.5791666666666667 0.1828125 0.24583333333333332
1 0.79296875 0.5958333333333333 0.1828125 0.24583333333333332
1 0.1765625 0.44895833333333335 0.146875 0.2520833333333333
0 0.1765625 0.7208333333333333 0.05 0.07916666666666668