1 0.1171875 0.11250000000000002 0.171875 0.22083333333333335
1 0.3046875 0.25520833333333337 0.171875 0.22291666666666668
1 0.078125 0.7906250000000001 0.153125 0.21041666666666667
1 0.478125 0.5 0.159375 0.21666666666666667
1 0.653125 0.2625 0.159375 0.21666666666666667
1 0.91875 0.38125 0.159375 0.21666666666666667
1 0.8539062500000001 0.5854166666666667 0.1609375 0.21666666666666667
1 0.7125000000000001 0.5666666666666667 0.1375 0.175
1 0.7562500000000001 0.9312500000000001 0.1375 0.13333333333333333
1 0.09843750000000001 0.32083333333333336 0.159375 0.21666666666666667
1 0.20078125000000002 0.609375 0.1484375 0.2520833333333333
2 0.31953125000000004 0.8489583333333334 0.2109375 0.26458333333333334