1 0.75703125 0.32916666666666666 0.17031250000000003 0.19583333333333333
1 0.59296875 0.34687500000000004 0.15781250000000002 0.18958333333333335
1 0.6929687500000001 0.8572916666666667 0.15781250000000002 0.18958333333333335
1 0.15234375 0.15520833333333334 0.18906250000000002 0.2604166666666667
1 0.5242187500000001 0.11666666666666667 0.2296875 0.22916666666666669
1 0.35390625 0.521875 0.17343750000000002 0.19375000000000003
1 0.41328125000000004 0.7364583333333333 0.1234375 0.17291666666666666
1 0.57265625 0.8114583333333333 0.15468750000000003 0.16458333333333333
1 0.8851562500000001 0.7906250000000001 0.18593750000000003 0.23541666666666666
1 0.45546875 0.3166666666666667 0.17031250000000003 0.22083333333333335
1 0.73515625 0.153125 0.15781250000000002 0.23125
2 0.534375 0.6156250000000001 0.21250000000000002 0.24791666666666667