1 0.88203125 0.45416666666666666 0.1453125 0.20833333333333334
1 0.7632812500000001 0.296875 0.1953125 0.23125
1 0.8695312500000001 0.7385416666666667 0.17031250000000003 0.23541666666666666
1 0.48515625000000007 0.6270833333333333 0.18906250000000002 0.23333333333333334
1 0.17812500000000003 0.3322916666666667 0.175 0.23125
1 0.6890625000000001 0.6520833333333333 0.19687500000000002 0.22916666666666669
1 0.428125 0.3572916666666667 0.14375000000000002 0.18958333333333335
1 0.3359375 0.259375 0.14375000000000002 0.18958333333333335
1 0.07421875 0.0875 0.1421875 0.17083333333333334
1 0.10703125 0.5645833333333333 0.1640625 0.175
1 0.0953125 0.65625 0.16875 0.21666666666666667
1 0.62890625 0.43020833333333336 0.1671875 0.33125000000000004
1 0.78203125 0.08125000000000002 0.1953125 0.15833333333333335
1 0.41953125 0.23020833333333332 0.1296875 0.16458333333333333
0 0.67890625 0.8635416666666667 0.0671875 0.07708333333333334
0 0.5554687500000001 0.47708333333333336 0.0671875 0.07916666666666668
0 0.30703125000000003 0.40208333333333335 0.0515625 0.1
0 0.15625 0.06875 0.06875 0.07500000000000001
2 0.30000000000000004 0.8041666666666667 0.35625000000000007 0.38750000000000007