1 0.275 0.10208333333333333 0.190625 0.2
1 0.30625 0.9156250000000001 0.18125000000000002 0.16458333333333333
1 0.9265625 0.6135416666666667 0.14375000000000002 0.21875
1 0.09375 0.30937500000000007 0.184375 0.17291666666666666
1 0.38125 0.38020833333333337 0.190625 0.20208333333333334
1 0.1953125 0.7760416666666667 0.190625 0.20208333333333334
1 0.4765625 0.746875 0.17812500000000003 0.21458333333333332
1 0.8648437500000001 0.16875 0.18593750000000003 0.24583333333333332
1 0.925 0.3322916666666667 0.1375 0.20208333333333334
0 0.4390625 0.22395833333333334 0.05625000000000001 0.07708333333333334
2 0.7015625000000001 0.7395833333333334 0.32500000000000007 0.3791666666666667