1 0.2921875 0.8416666666666667 0.175 0.19166666666666668
1 0.52890625 0.24479166666666669 0.18593750000000003 0.22291666666666668
1 0.82890625 0.11770833333333333 0.18593750000000003 0.22291666666666668
1 0.9242187500000001 0.290625 0.1484375 0.21458333333333332
1 0.81953125 0.43854166666666666 0.18593750000000003 0.22291666666666668
1 0.16875 0.7760416666666667 0.12187500000000001 0.27291666666666664
1 0.7445312500000001 0.8875 0.18593750000000003 0.22083333333333335
1 0.71171875 0.6635416666666667 0.18593750000000003 0.22291666666666668
1 0.61328125 0.07916666666666668 0.1796875 0.15416666666666667
1 0.15546875 0.17604166666666668 0.18593750000000003 0.22291666666666668
2 0.36171875 0.5291666666666667 0.33906250000000004 0.43333333333333335