1 0.059375 0.7739583333333334 0.115625 0.22708333333333333
1 0.38671875 0.9291666666666667 0.20156250000000003 0.1375
1 0.284375 0.9364583333333333 0.16250000000000003 0.12291666666666666
1 0.85546875 0.8427083333333333 0.1390625 0.18541666666666667
1 0.5546875 0.7125000000000001 0.175 0.1875
1 0.89453125 0.1875 0.17343750000000002 0.22083333333333335
1 0.17265625 0.3854166666666667 0.1328125 0.1875
1 0.26796875000000003 0.6229166666666667 0.1328125 0.1875
1 0.14453125 0.5520833333333334 0.1796875 0.23333333333333334
1 0.7718750000000001 0.6822916666666667 0.16562500000000002 0.14375000000000002
1 0.9164062500000001 0.6343750000000001 0.1390625 0.18541666666666667
2 0.6515625 0.35 0.41875000000000007 0.525