2 0.53515625 0.16770833333333332 0.2734375 0.33125000000000004
1 0.421875 0.46770833333333334 0.14375000000000002 0.19791666666666669
1 0.59296875 0.7093750000000001 0.1609375 0.21041666666666667
1 0.39765625000000004 0.746875 0.1609375 0.21041666666666667
1 0.084375 0.7135416666666667 0.16562500000000002 0.25625000000000003
1 0.30703125000000003 0.37395833333333334 0.1671875 0.25625000000000003
1 0.05546875 0.328125 0.1078125 0.24791666666666667
1 0.06484375 0.47604166666666664 0.1265625 0.18125000000000002
1 0.203125 0.596875 0.12812500000000002 0.18125000000000002
1 0.29296875 0.925 0.1828125 0.14583333333333334
1 0.33984375 0.565625 0.1609375 0.21041666666666667
1 0.26484375 0.07187500000000001 0.15781250000000002 0.13958333333333334
1 0.36250000000000004 0.06354166666666666 0.125 0.12291666666666666
1 0.6859375000000001 0.4510416666666667 0.16250000000000003 0.20625
1 0.7390625 0.48125000000000007 0.1 0.15000000000000002
1 0.9312500000000001 0.48541666666666666 0.134375 0.21666666666666667
1 0.9015625 0.5833333333333334 0.134375 0.21666666666666667
1 0.9312500000000001 0.8760416666666667 0.134375 0.24375000000000002
1 0.9312500000000001 0.109375 0.134375 0.21458333333333332
1 0.81640625 0.25833333333333336 0.18906250000000002 0.275
1 0.6921875 0.26666666666666666 0.18125000000000002 0.22083333333333335
1 0.5109375 0.8104166666666667 0.190625 0.25416666666666665