1 0.82734375 0.8645833333333334 0.2109375 0.19583333333333333
1 0.6921875 0.32500000000000007 0.20937500000000003 0.21666666666666667
1 0.44218750000000007 0.5614583333333333 0.2 0.18958333333333335
1 0.2703125 0.7041666666666667 0.153125 0.21666666666666667
1 0.18984375000000003 0.9083333333333333 0.1640625 0.17916666666666667
1 0.42656250000000007 0.78125 0.16875 0.20833333333333334
1 0.55390625 0.7291666666666667 0.1921875 0.24583333333333332
1 0.6500000000000001 0.5270833333333333 0.16875 0.20833333333333334
1 0.1296875 0.12083333333333333 0.15000000000000002 0.2375
1 0.7984375000000001 0.5114583333333333 0.15625 0.21041666666666667
1 0.66875 0.10520833333333333 0.16875 0.20625
1 0.06015625000000001 0.36666666666666664 0.1171875 0.275
2 0.36875 0.2635416666666667 0.37187500000000007 0.45208333333333334