2 0.39531250000000007 0.25416666666666665 0.3375 0.49166666666666664
1 0.6101562500000001 0.38229166666666664 0.1171875 0.20208333333333334
1 0.6265625000000001 0.14583333333333334 0.146875 0.24166666666666667
1 0.765625 0.24791666666666667 0.15625 0.17083333333333334
1 0.91796875 0.19895833333333332 0.15781250000000002 0.20208333333333334
1 0.7601562500000001 0.07916666666666668 0.1609375 0.15416666666666667
1 0.7289062500000001 0.8520833333333334 0.17343750000000002 0.20833333333333334
1 0.5 0.925 0.16875 0.14583333333333334
1 0.10546875 0.9114583333333334 0.2078125 0.17291666666666666
1 0.08046875 0.6781250000000001 0.15781250000000002 0.22291666666666668
1 0.17734375000000002 0.24062500000000003 0.1609375 0.22291666666666668
1 0.46796875000000004 0.5302083333333333 0.1609375 0.22291666666666668
1 0.23046875 0.7197916666666667 0.1765625 0.18958333333333335
1 0.9398437500000001 0.39583333333333337 0.1171875 0.20833333333333334
0 0.490625 0.815625 0.07187500000000001 0.07708333333333334
1 0.6695312500000001 0.525 0.17343750000000002 0.20833333333333334