1 0.875 0.19479166666666667 0.17812500000000003 0.22708333333333333
1 0.5875 0.23020833333333332 0.17812500000000003 0.22708333333333333
1 0.17031250000000003 0.390625 0.17812500000000003 0.22708333333333333
1 0.29375 0.7697916666666667 0.17812500000000003 0.22708333333333333
1 0.40312500000000007 0.5052083333333334 0.17812500000000003 0.22708333333333333
1 0.453125 0.37187500000000007 0.17812500000000003 0.22708333333333333
1 0.27890625 0.20625 0.15781250000000002 0.22500000000000003
1 0.47343750000000007 0.9000000000000001 0.16250000000000003 0.19583333333333333
1 0.8 0.38958333333333334 0.16250000000000003 0.19583333333333333
1 0.9234375000000001 0.44270833333333337 0.15000000000000002 0.22708333333333333
2 0.68671875 0.690625 0.3828125 0.45625000000000004