1 0.503125 0.9000000000000001 0.215625 0.19583333333333333
1 0.73359375 0.35 0.18593750000000003 0.19583333333333333
1 0.9312500000000001 0.44375 0.134375 0.19583333333333333
1 0.5328125 0.49375 0.14375000000000002 0.2
1 0.33203125 0.9010416666666667 0.13593750000000002 0.19375000000000003
1 0.4125 0.6885416666666667 0.13125 0.17708333333333334
1 0.13046875 0.09583333333333334 0.18593750000000003 0.1875
1 0.24765625000000002 0.5833333333333334 0.1484375 0.17916666666666667
1 0.925 0.6333333333333334 0.146875 0.17916666666666667
1 0.93828125 0.8208333333333334 0.12031250000000002 0.17916666666666667
1 0.63203125 0.49687500000000007 0.1234375 0.15625
2 0.44062500000000004 0.23541666666666666 0.221875 0.26666666666666666
0 0.43437500000000007 0.43437500000000007 0.046875 0.06041666666666667
0 0.825 0.4885416666666667 0.046875 0.06041666666666667