1 0.7164062500000001 0.7354166666666667 0.18906250000000002 0.2625
1 0.32500000000000007 0.6312500000000001 0.20937500000000003 0.2625
1 0.09453125000000001 0.4864583333333333 0.18593750000000003 0.18541666666666667
1 0.06796875000000001 0.8875 0.1328125 0.22083333333333335
1 0.290625 0.14479166666666668 0.190625 0.22708333333333333
1 0.259375 0.36770833333333336 0.190625 0.22708333333333333
1 0.51875 0.909375 0.175 0.17708333333333334
1 0.9085937500000001 0.11145833333333334 0.1328125 0.17291666666666666
1 0.65546875 0.16041666666666668 0.20468750000000002 0.2375
1 0.48828125 0.109375 0.1765625 0.21458333333333332
1 0.5875 0.6760416666666667 0.171875 0.22291666666666668
2 0.50625 0.40520833333333334 0.35625000000000007 0.42708333333333337