1 0.1984375 0.17083333333333334 0.16875 0.21666666666666667
1 0.146875 0.40312500000000007 0.16562500000000002 0.2520833333333333
1 0.48906250000000007 0.7947916666666667 0.16562500000000002 0.2520833333333333
1 0.246875 0.8427083333333333 0.159375 0.18541666666666667
1 0.30781250000000004 0.8677083333333334 0.159375 0.18541666666666667
1 0.0625 0.6645833333333334 0.12187500000000001 0.21666666666666667
1 0.64375 0.6291666666666667 0.14375000000000002 0.2
1 0.71796875 0.38958333333333334 0.1671875 0.2
1 0.75703125 0.10104166666666667 0.1671875 0.19791666666666669
1 0.51953125 0.15416666666666667 0.1671875 0.2
1 0.8500000000000001 0.22395833333333334 0.175 0.22708333333333333
2 0.43984375 0.46770833333333334 0.34843750000000007 0.42708333333333337