1 0.23828125 0.23020833333333332 0.18593750000000003 0.19375000000000003
1 0.0734375 0.14791666666666667 0.14375000000000002 0.2916666666666667
1 0.09765625 0.8854166666666667 0.1484375 0.20833333333333334
1 0.5164062500000001 0.5791666666666667 0.2078125 0.22916666666666669
1 0.10468750000000002 0.5395833333333333 0.20625 0.22916666666666669
1 0.8492187500000001 0.7229166666666667 0.2078125 0.22916666666666669
1 0.7375 0.5395833333333333 0.15625 0.21666666666666667
1 0.7750000000000001 0.890625 0.15625 0.21458333333333332
1 0.428125 0.3125 0.18125000000000002 0.21250000000000002
1 0.2625 0.7166666666666667 0.18125000000000002 0.21250000000000002
2 0.49765625 0.8239583333333333 0.1921875 0.2520833333333333