2 0.36796875000000007 0.27708333333333335 0.33906250000000004 0.38750000000000007
1 0.5789062500000001 0.30000000000000004 0.1671875 0.21250000000000002
1 0.6640625 0.39583333333333337 0.14375000000000002 0.18333333333333332
1 0.8734375000000001 0.5333333333333333 0.171875 0.19166666666666668
1 0.7578125 0.6427083333333333 0.21250000000000002 0.2520833333333333
1 0.88203125 0.15520833333333334 0.15781250000000002 0.25625000000000003
1 0.7320312500000001 0.09270833333333334 0.1609375 0.18125000000000002
1 0.0625 0.38125 0.12187500000000001 0.2375
1 0.16015625 0.540625 0.17343750000000002 0.23958333333333334
1 0.5765625 0.6885416666666667 0.171875 0.19375000000000003
1 0.66328125 0.8343750000000001 0.18593750000000003 0.21041666666666667
1 0.06796875000000001 0.8135416666666667 0.1328125 0.18125000000000002
1 0.18125000000000002 0.9114583333333334 0.20937500000000003 0.17291666666666666
1 0.86640625 0.8979166666666667 0.1265625 0.19166666666666668
1 0.16171875000000002 0.28854166666666664 0.1484375 0.30208333333333337
1 0.42656250000000007 0.6468750000000001 0.1875 0.23958333333333334
0 0.55078125 0.5906250000000001 0.0546875 0.06458333333333334