1 0.415625 0.6802083333333334 0.16875 0.21875
1 0.2625 0.6156250000000001 0.15000000000000002 0.21458333333333332
1 0.453125 0.43437500000000007 0.15000000000000002 0.21458333333333332
1 0.21953125 0.38958333333333334 0.17343750000000002 0.22500000000000003
1 0.88203125 0.3145833333333333 0.17343750000000002 0.22500000000000003
1 0.30390625000000004 0.11875 0.17343750000000002 0.22500000000000003
1 0.7125000000000001 0.328125 0.2 0.23541666666666666
1 0.62421875 0.375 0.2515625 0.18333333333333332
1 0.6734375000000001 0.6208333333333333 0.221875 0.20833333333333334
1 0.8070312500000001 0.70625 0.1765625 0.22083333333333335
1 0.83203125 0.9135416666666667 0.15781250000000002 0.16875
2 0.190625 0.8531250000000001 0.296875 0.28958333333333336