2 0.54609375 0.46770833333333334 0.3359375 0.4479166666666667
1 0.30390625000000004 0.753125 0.17031250000000003 0.22291666666666668
1 0.23515625 0.8656250000000001 0.17031250000000003 0.22291666666666668
1 0.0703125 0.784375 0.1375 0.22291666666666668
1 0.22734375 0.5510416666666667 0.2078125 0.21875
1 0.26796875000000003 0.334375 0.2078125 0.21875
1 0.82734375 0.3260416666666667 0.2078125 0.21875
1 0.91015625 0.29583333333333334 0.1765625 0.19583333333333333
1 0.9125000000000001 0.5437500000000001 0.171875 0.2375
1 0.81171875 0.76875 0.17343750000000002 0.2375
1 0.61640625 0.7729166666666667 0.1953125 0.2375
1 0.49609375 0.7895833333333334 0.1953125 0.2375
1 0.5085937500000001 0.9072916666666667 0.1921875 0.18125000000000002
1 0.10546875 0.3260416666666667 0.17343750000000002 0.21041666666666667
1 0.9195312500000001 0.08958333333333333 0.15781250000000002 0.175
0 0.70390625 0.06354166666666666 0.0703125 0.08125000000000002
0 0.7992187500000001 0.13645833333333332 0.0703125 0.08125000000000002
0 0.11015625000000001 0.46979166666666666 0.0703125 0.08125000000000002