1 0.11875 0.7833333333333333 0.17812500000000003 0.26666666666666666
1 0.5703125 0.8791666666666667 0.17812500000000003 0.2375
1 0.87421875 0.628125 0.18593750000000003 0.23958333333333334
1 0.8390625 0.42500000000000004 0.19687500000000002 0.22083333333333335
1 0.940625 0.18541666666666667 0.115625 0.2625
1 0.8101562500000001 0.18958333333333335 0.1453125 0.24166666666666667
1 0.6390625000000001 0.11145833333333334 0.19687500000000002 0.21875
1 0.64765625 0.31354166666666666 0.1828125 0.19375000000000003
1 0.43046875000000007 0.27395833333333336 0.1828125 0.19375000000000003
1 0.6656250000000001 0.5302083333333333 0.15000000000000002 0.20625
1 0.8078125 0.9104166666666667 0.15625 0.175
1 0.37578125000000007 0.9239583333333333 0.15781250000000002 0.14791666666666667
1 0.31953125000000004 0.7583333333333334 0.17343750000000002 0.19583333333333333
1 0.1015625 0.34270833333333334 0.2 0.23125
2 0.48828125 0.5708333333333333 0.3296875 0.475