2 0.6117187500000001 0.17395833333333335 0.27968750000000003 0.34375
1 0.37031250000000004 0.30937500000000007 0.21875 0.20208333333333334
1 0.41328125000000004 0.06770833333333334 0.17031250000000003 0.13125
1 0.9375 0.2677083333333333 0.12187500000000001 0.22708333333333333
1 0.28125 0.15729166666666666 0.15625 0.20625
1 0.18593750000000003 0.48541666666666666 0.140625 0.18333333333333332
1 0.5453125 0.42916666666666664 0.140625 0.18333333333333332
1 0.6375 0.43125 0.140625 0.18333333333333332
1 0.7109375 0.4083333333333333 0.140625 0.18333333333333332
1 0.7421875 0.36458333333333337 0.140625 0.18333333333333332
1 0.825 0.31875 0.140625 0.18333333333333332
1 0.9156250000000001 0.6666666666666667 0.140625 0.18333333333333332
1 0.94609375 0.48750000000000004 0.10468750000000002 0.22083333333333335
1 0.5164062500000001 0.940625 0.1390625 0.11458333333333334
1 0.56953125 0.5885416666666667 0.1765625 0.17708333333333334
1 0.36484375 0.8 0.1390625 0.16250000000000003
1 0.0703125 0.5760416666666667 0.1375 0.26458333333333334
1 0.19453125 0.8031250000000001 0.1796875 0.25625000000000003
1 0.115625 0.221875 0.17812500000000003 0.25625000000000003
1 0.10546875 0.09062500000000001 0.1453125 0.17708333333333334
1 0.45000000000000007 0.48541666666666666 0.140625 0.18333333333333332
1 0.446875 0.6312500000000001 0.140625 0.18333333333333332