1 0.51484375 0.35104166666666664 0.1765625 0.22291666666666668
1 0.17578125 0.3260416666666667 0.1765625 0.22291666666666668
1 0.7281250000000001 0.22083333333333335 0.16250000000000003 0.26666666666666666
1 0.91796875 0.28750000000000003 0.1609375 0.26666666666666666
1 0.8218750000000001 0.5354166666666667 0.16250000000000003 0.26666666666666666
1 0.809375 0.8354166666666667 0.16250000000000003 0.26666666666666666
1 0.7375 0.8656250000000001 0.16250000000000003 0.26458333333333334
1 0.41328125000000004 0.47395833333333337 0.15468750000000003 0.22291666666666668
1 0.67109375 0.4885416666666667 0.15468750000000003 0.22291666666666668
1 0.078125 0.24479166666666669 0.153125 0.22291666666666668
1 0.6000000000000001 0.09166666666666666 0.1875 0.17916666666666667
1 0.353125 0.07395833333333333 0.2 0.14375000000000002
1 0.33828125 0.453125 0.13593750000000002 0.21875
1 0.28515625 0.5072916666666667 0.13593750000000002 0.21875
1 0.22890625000000003 0.5489583333333333 0.13593750000000002 0.21875
1 0.11328125 0.5906250000000001 0.13593750000000002 0.21875
0 0.29453125 0.171875 0.0578125 0.07291666666666667
0 0.03828125 0.871875 0.0578125 0.07291666666666667
0 0.22265625 0.671875 0.0578125 0.07291666666666667
2 0.5242187500000001 0.7989583333333333 0.3296875 0.39791666666666664
1 0.30234375 0.7510416666666667 0.1328125 0.2604166666666667
1 0.18515625000000002 0.12083333333333333 0.17343750000000002 0.16250000000000003