2 0.59765625 0.09687500000000002 0.22031250000000002 0.18958333333333335
0 0.11406250000000001 0.5395833333333333 0.08125000000000002 0.09166666666666666
1 0.6351562500000001 0.41875000000000007 0.2078125 0.24166666666666667
1 0.47109375 0.3770833333333333 0.1765625 0.21666666666666667
1 0.46484375 0.16875 0.1765625 0.21666666666666667
1 0.30390625000000004 0.7208333333333333 0.1765625 0.21666666666666667
1 0.18359375 0.7604166666666667 0.1765625 0.21666666666666667
1 0.32734375000000004 0.90625 0.1640625 0.18333333333333332
1 0.41640625 0.9333333333333333 0.15156250000000002 0.12916666666666668
1 0.0859375 0.9333333333333333 0.16875 0.12916666666666668
1 0.8828125 0.28229166666666666 0.1375 0.18958333333333335
1 0.8171875 0.321875 0.1375 0.18958333333333335
1 0.7921875 0.453125 0.1375 0.18958333333333335
1 0.8484375 0.4885416666666667 0.1375 0.18958333333333335
1 0.8796875 0.5302083333333333 0.1375 0.18958333333333335
1 0.91484375 0.6000000000000001 0.1671875 0.20416666666666666
1 0.8656250000000001 0.9135416666666667 0.215625 0.16875
1 0.24921875 0.14791666666666667 0.1671875 0.20416666666666666
1 0.0671875 0.2833333333333333 0.13125 0.22083333333333335
1 0.09296875000000002 0.09583333333333334 0.1640625 0.1875
1 0.4234375 0.6947916666666667 0.17812500000000003 0.20625
1 0.58828125 0.7072916666666667 0.12031250000000002 0.18125000000000002
1 0.58203125 0.8177083333333334 0.12031250000000002 0.18125000000000002
1 0.5046875000000001 0.9020833333333333 0.16875 0.19166666666666668