2 0.30781250000000004 0.5322916666666667 0.253125 0.26458333333333334
1 0.16875 0.22291666666666668 0.134375 0.27083333333333337
1 0.44218750000000007 0.6854166666666667 0.146875 0.2
1 0.628125 0.7583333333333334 0.146875 0.2
1 0.925 0.5208333333333334 0.146875 0.2625
1 0.925 0.30000000000000004 0.146875 0.2625
1 0.93828125 0.10625000000000001 0.12031250000000002 0.20833333333333334
1 0.32109375000000007 0.08854166666666667 0.17031250000000003 0.17291666666666666
1 0.503125 0.08125000000000002 0.23125 0.15833333333333335
1 0.55859375 0.39791666666666664 0.17031250000000003 0.175
1 0.27734375 0.8885416666666667 0.2578125 0.20625
0 0.6656250000000001 0.4104166666666667 0.078125 0.07500000000000001
0 0.024218750000000004 0.628125 0.045312500000000006 0.08125000000000002
1 0.77734375 0.5958333333333333 0.17343750000000002 0.26666666666666666
1 0.715625 0.8208333333333334 0.146875 0.2
1 0.8015625 0.8989583333333334 0.15625 0.19791666666666669