1 0.28750000000000003 0.5802083333333333 0.159375 0.21875
1 0.51875 0.609375 0.159375 0.21875
1 0.5593750000000001 0.828125 0.159375 0.21875
1 0.38515625 0.7510416666666667 0.1484375 0.20208333333333334
1 0.25234375000000003 0.8635416666666667 0.1484375 0.20208333333333334
1 0.30546875 0.37395833333333334 0.1484375 0.20208333333333334
1 0.41171875 0.19583333333333333 0.17031250000000003 0.2
1 0.46640625 0.4041666666666667 0.17031250000000003 0.2
1 0.87578125 0.34062500000000007 0.17031250000000003 0.23958333333333334
1 0.87890625 0.8572916666666667 0.17031250000000003 0.23958333333333334
1 0.7453125 0.7052083333333333 0.21250000000000002 0.22708333333333333
1 0.15390625000000002 0.28229166666666666 0.17031250000000003 0.23958333333333334
1 0.12109375 0.49687500000000007 0.17031250000000003 0.23958333333333334
2 0.66484375 0.13645833333333332 0.34843750000000007 0.26875