1 0.0953125 0.7583333333333334 0.153125 0.19583333333333333
1 0.05546875 0.5354166666666667 0.1078125 0.275
1 0.57421875 0.37395833333333334 0.1953125 0.23541666666666666
1 0.6921875 0.6291666666666667 0.159375 0.22500000000000003
1 0.34687500000000004 0.7302083333333333 0.15625 0.24375000000000002
1 0.90546875 0.49791666666666673 0.18593750000000003 0.22916666666666669
1 0.57265625 0.09062500000000001 0.1640625 0.17708333333333334
1 0.22109375000000003 0.27708333333333335 0.2078125 0.20416666666666666
1 0.17812500000000003 0.44583333333333336 0.19687500000000002 0.27083333333333337
1 0.5296875 0.753125 0.19687500000000002 0.21041666666666667
1 0.36250000000000004 0.08125000000000002 0.19375000000000003 0.15833333333333335
0 0.35078125000000004 0.9177083333333333 0.060937500000000006 0.09375
0 0.453125 0.171875 0.059375 0.08541666666666667
2 0.7476562500000001 0.17291666666666666 0.2453125 0.3166666666666667