1 0.51328125 0.846875 0.2140625 0.19791666666666669
1 0.54609375 0.6947916666666667 0.1453125 0.18958333333333335
1 0.7796875000000001 0.8187500000000001 0.184375 0.20416666666666666
1 0.64921875 0.21458333333333332 0.1609375 0.20416666666666666
1 0.44375 0.275 0.16562500000000002 0.1875
1 0.48359375000000004 0.43125 0.1484375 0.17916666666666667
1 0.30000000000000004 0.17395833333333335 0.2 0.23541666666666666
1 0.75703125 0.1 0.1453125 0.19583333333333333
1 0.84453125 0.10520833333333333 0.1796875 0.20625
1 0.6859375000000001 0.5739583333333333 0.22812500000000002 0.24375000000000002
1 0.6656250000000001 0.396875 0.175 0.19375000000000003
1 0.28046875 0.8083333333333333 0.1796875 0.2625
1 0.8734375000000001 0.47708333333333336 0.16250000000000003 0.22083333333333335
2 0.10390625 0.684375 0.20468750000000002 0.4395833333333333