1 0.18203125000000003 0.4197916666666667 0.15156250000000002 0.19791666666666669
1 0.05234375000000001 0.421875 0.1015625 0.23958333333333334
1 0.42265625000000007 0.4479166666666667 0.1984375 0.22916666666666669
1 0.76171875 0.8166666666666667 0.1640625 0.1875
1 0.9171875 0.8541666666666667 0.16250000000000003 0.22500000000000003
1 0.778125 0.5729166666666667 0.16250000000000003 0.22500000000000003
1 0.8968750000000001 0.31354166666666666 0.203125 0.23541666666666666
1 0.79375 0.11875 0.16250000000000003 0.22500000000000003
1 0.6343750000000001 0.4125 0.16250000000000003 0.22500000000000003
1 0.34843750000000007 0.8041666666666667 0.16875 0.28750000000000003
1 0.1796875 0.7375 0.159375 0.21666666666666667
1 0.1953125 0.525 0.159375 0.21666666666666667
1 0.27968750000000003 0.13229166666666667 0.11875 0.18958333333333335
1 0.56640625 0.19583333333333333 0.1453125 0.19583333333333333
1 0.64140625 0.059375 0.17031250000000003 0.11458333333333334
1 0.12734375 0.23333333333333334 0.1453125 0.19583333333333333
1 0.19296875000000002 0.8687500000000001 0.1796875 0.19166666666666668
2 0.55390625 0.8656250000000001 0.3359375 0.26458333333333334