1 0.8570312500000001 0.51875 0.20156250000000003 0.22500000000000003
1 0.9078125000000001 0.7239583333333334 0.175 0.20208333333333334
1 0.25234375000000003 0.41770833333333335 0.20468750000000002 0.18125000000000002
1 0.2828125 0.6854166666666667 0 0
1 0.49375 0.5281250000000001 0.1875 0.22291666666666668
1 0.9078125000000001 0.125 0.18125000000000002 0.24583333333333332
1 0.12890625 0.10729166666666666 0.15781250000000002 0.19375000000000003
1 0.26015625000000003 0.17395833333333335 0.1078125 0.25625000000000003
1 0.59921875 0.8010416666666667 0.1421875 0.24791666666666667
0 0.03828125 0.8031250000000001 0.0734375 0.10208333333333333
0 0.146875 0.48020833333333335 0.07500000000000001 0.10208333333333333
2 0.475 0.16041666666666668 0.37812500000000004 0.3166666666666667