2 0.11250000000000002 0.5458333333333333 0.221875 0.29583333333333334
1 0.27578125000000003 0.6447916666666667 0.1671875 0.2520833333333333
1 0.29531250000000003 0.3458333333333333 0.125 0.22083333333333335
1 0.37187500000000007 0.3541666666666667 0.125 0.22083333333333335
1 0.35859375000000004 0.21041666666666667 0.1078125 0.17916666666666667
1 0.5265625 0.6739583333333333 0.14375000000000002 0.22291666666666668
1 0.58828125 0.9177083333333333 0.1640625 0.16041666666666668
1 0.6429687500000001 0.9177083333333333 0.1640625 0.16041666666666668
1 0.6617187500000001 0.603125 0.15156250000000002 0.21041666666666667
1 0.78984375 0.503125 0.15156250000000002 0.21041666666666667
1 0.5578125 0.46979166666666666 0.18125000000000002 0.21458333333333332
1 0.7921875 0.9020833333333333 0.153125 0.19166666666666668
1 0.059375 0.778125 0.115625 0.21458333333333332
1 0.053125000000000006 0.26458333333333334 0.103125 0.26666666666666666
1 0.56640625 0.08541666666666667 0.20468750000000002 0.16666666666666669
1 0.8570312500000001 0.6010416666666667 0.15156250000000002 0.21041666666666667
1 0.8335937500000001 0.690625 0.15156250000000002 0.21041666666666667
1 0.8148437500000001 0.809375 0.15156250000000002 0.21041666666666667
1 0.94609375 0.8447916666666667 0.10468750000000002 0.20625
1 0.909375 0.16145833333333334 0.17812500000000003 0.29375
1 0.7835937500000001 0.20208333333333334 0.1765625 0.25833333333333336
0 0.5750000000000001 0.2375 0.065625 0.09583333333333334
0 0.6656250000000001 0.22708333333333333 0.065625 0.09583333333333334
0 0.503125 0.09583333333333334 0.065625 0.09583333333333334
1 0.5328125 0.36666666666666664 0.171875 0.22083333333333335