1 0.14609375 0.5385416666666667 0.17343750000000002 0.25625000000000003
1 0.13593750000000002 0.25729166666666664 0.175 0.21041666666666667
1 0.2421875 0.19375000000000003 0.146875 0.2
1 0.6640625 0.38333333333333336 0.146875 0.2
1 0.35 0.6968750000000001 0.18125000000000002 0.18541666666666667
1 0.15625 0.90625 0.18125000000000002 0.18333333333333332
1 0.9085937500000001 0.22916666666666669 0.1796875 0.2
1 0.48125000000000007 0.5437500000000001 0.203125 0.24166666666666667
1 0.56015625 0.8208333333333334 0.1640625 0.22083333333333335
1 0.89765625 0.43854166666666666 0.1828125 0.21875
2 0.4375 0.1375 0.334375 0.27083333333333337